imgnames,X,Y,R,G,B,H1,S1,V1,L1,A1,B1
potato_tanashi_8FUKANO_20170514_InsRGB_15m_transparent_mosaic_group1_1.jpg,1164,676,0.529411764705882,0.662745098039216,0.36078431372549,0.24025974025974,0.455621301775148,0.662745098039216,65.3427022965403,-21.9811679146504,35.5630242184945
potato_tanashi_8FUKANO_20170514_InsRGB_15m_transparent_mosaic_group1_1.jpg,1566,612,0.568627450980392,0.698039215686274,0.427450980392157,0.246376811594203,0.387640449438202,0.698039215686274,68.8543126443626,-20.7222527116915,31.4228587924516
potato_tanashi_8FUKANO_20170514_InsRGB_15m_transparent_mosaic_group1_1.jpg,1255,955,0.533333333333333,0.674509803921569,0.423529411764706,0.260416666666667,0.372093023255814,0.674509803921569,66.4900943229521,-21.4420026274411,28.7839443269833
potato_tanashi_8FUKANO_20170524_InsRGB_15m_transparent_mosaic_group1_1.jpg,447,197,0.635294117647059,0.764705882352941,0.407843137254902,0.227106227106227,0.466666666666667,0.764705882352941,74.8245607305126,-22.4861111609775,41.5939137983031
potato_tanashi_8FUKANO_20170524_InsRGB_15m_transparent_mosaic_group1_1.jpg,457,447,0.584313725490196,0.713725490196078,0.364705882352941,0.228464419475655,0.489010989010989,0.713725490196078,70.0950258854486,-22.4545386002993,41.042085704559
potato_tanashi_8FUKANO_20170524_InsRGB_15m_transparent_mosaic_group1_1.jpg,798,163,0.654901960784314,0.764705882352941,0.435294117647059,0.222222222222222,0.430769230769231,0.764705882352941,75.2535770642411,-19.9779035382514,38.7780065549432
potato_tanashi_8FUKANO_20170524_InsRGB_15m_transparent_mosaic_group1_1.jpg,622,953,0.752941176470588,0.866666666666667,0.537254901960784,0.224206349206349,0.380090497737557,0.866666666666667,84.5241232936638,-20.1009315592959,37.8929541946731
potato_tanashi_8FUKANO_20170524_InsRGB_15m_transparent_mosaic_group1_1.jpg,640,1241,0.623529411764706,0.764705882352941,0.411764705882353,0.233333333333333,0.461538461538462,0.764705882352941,74.6299175442214,-23.5506113648292,40.8154865581808
potato_tanashi_8FUKANO_20170531_Ins1RGB_15m_transparent_mosaic_group1_1.jpg,630,605,0.427450980392157,0.607843137254902,0.356862745098039,0.286458333333333,0.412903225806452,0.607843137254902,59.4650070547367,-25.4585487562589,28.3614694121074
potato_tanashi_8FUKANO_20170531_Ins1RGB_15m_transparent_mosaic_group1_1.jpg,591,397,0.349019607843137,0.529411764705882,0.247058823529412,0.273148148148148,0.533333333333333,0.529411764705882,51.7149668295906,-26.6029193141589,33.0832046048156
potato_tanashi_8FUKANO_20170531_Ins1RGB_15m_transparent_mosaic_group1_1.jpg,553,122,0.470588235294118,0.647058823529412,0.384313725490196,0.278606965174129,0.406060606060606,0.647058823529412,63.2536469108459,-25.2224320734076,29.6406954261627
potato_tanashi_8FUKANO_20170531_Ins1RGB_15m_transparent_mosaic_group1_1.jpg,702,825,0.388235294117647,0.564705882352941,0.301960784313725,0.278606965174129,0.465277777777778,0.564705882352941,55.2976855334997,-25.6080756789463,30.3582592849299
potato_tanashi_8FUKANO_20170531_Ins1RGB_15m_transparent_mosaic_group1_1.jpg,674,850,0.494117647058824,0.63921568627451,0.466666666666667,0.306818181818182,0.269938650306748,0.63921568627451,63.3558118376088,-19.6732527743507,18.6512924470887
potato_tanashi_8FUKANO_20170531_Ins1RGB_15m_transparent_mosaic_group1_1.jpg,1071,996,0.447058823529412,0.619607843137255,0.317647058823529,0.261904761904762,0.487341772151899,0.619607843137255,60.5631889525147,-25.95233866964,34.9505575405525
potato_tanashi_8FUKANO_20170531_Ins1RGB_15m_transparent_mosaic_group1_1.jpg,1060,1019,0.505882352941176,0.666666666666667,0.431372549019608,0.280555555555556,0.352941176470588,0.666666666666667,65.4726211271548,-22.9049587406024,26.3166206696002
potato_tanashi_8FUKANO_20170531_Ins1RGB_15m_transparent_mosaic_group1_1.jpg,1120,1212,0.498039215686275,0.666666666666667,0.396078431372549,0.270531400966184,0.405882352941176,0.666666666666667,65.2218348253445,-24.605323079183,30.674576929047
potato_tanashi_8FUKANO_20170531_Ins1RGB_15m_transparent_mosaic_group1_2.jpg,877,403,0.482352941176471,0.627450980392157,0.356862745098039,0.256038647342995,0.43125,0.627450980392157,61.8619596833102,-22.5224005221292,31.5860819156638
potato_tanashi_8FUKANO_20170531_Ins1RGB_15m_transparent_mosaic_group1_2.jpg,916,637,0.545098039215686,0.701960784313725,0.498039215686275,0.294871794871795,0.290502793296089,0.701960784313725,69.0016419703625,-21.450146441054,22.0825054407643
potato_tanashi_8FUKANO_20170531_Ins1RGB_15m_transparent_mosaic_group1_2.jpg,121,571,0.458823529411765,0.627450980392157,0.356862745098039,0.270531400966184,0.43125,0.627450980392157,61.4746939397533,-24.7817426445103,31.0045691698534
potato_tanashi_8FUKANO_20170531_Ins1RGB_15m_transparent_mosaic_group1_2.jpg,1038,1138,0.572549019607843,0.72156862745098,0.435294117647059,0.253424657534247,0.396739130434783,0.72156862745098,70.6776639818372,-22.9131449302147,32.7154586479656
potato_tanashi_8FUKANO_20170603_Ins1RGB_15m_transparent_mosaic_group1_1.jpg,669,679,0.466666666666667,0.619607843137255,0.372549019607843,0.26984126984127,0.39873417721519,0.619607843137255,61.0529680391501,-22.7061495696151,28.4145135504813
potato_tanashi_8FUKANO_20170603_Ins1RGB_15m_transparent_mosaic_group1_1.jpg,1020,405,0.325490196078431,0.458823529411765,0.329411764705882,0.338235294117647,0.290598290598291,0.458823529411765,45.9262599490923,-18.0385153254101,14.2140435458885
potato_tanashi_8FUKANO_20170603_Ins1RGB_15m_transparent_mosaic_group1_2.jpg,358,882,0.549019607843137,0.705882352941177,0.462745098039216,0.274193548387097,0.344444444444444,0.705882352941177,69.2206729692044,-22.5779280644696,27.1329272741481
potato_tanashi_8FUKANO_20170603_Ins1RGB_15m_transparent_mosaic_group1_2.jpg,368,873,0.619607843137255,0.776470588235294,0.541176470588235,0.277777777777778,0.303030303030303,0.776470588235294,75.8416431344683,-22.0444238106767,25.6364430246474
potato_tanashi_8FUKANO_20170603_Ins1RGB_15m_transparent_mosaic_group1_2.jpg,737,808,0.549019607843137,0.713725490196078,0.462745098039216,0.276041666666667,0.351648351648352,0.713725490196078,69.8008826763008,-23.4932467205939,27.8851318091029
potato_tanashi_8FUKANO_20170604_Ins1RGB_15m_transparent_mosaic_group1_1.jpg,701,344,0.427450980392157,0.580392156862745,0.372549019607843,0.289308176100629,0.358108108108108,0.580392156862745,57.390967731758,-21.7927872252131,23.5680920442388
potato_tanashi_8FUKANO_20170604_Ins1RGB_15m_transparent_mosaic_group1_1.jpg,692,322,0.392156862745098,0.56078431372549,0.250980392156863,0.257383966244726,0.552447552447553,0.56078431372549,54.9043422139017,-25.9668748689901,36.4911291882023
potato_tanashi_8FUKANO_20170604_Ins1RGB_15m_transparent_mosaic_group1_1.jpg,731,350,0.356862745098039,0.509803921568627,0.254901960784314,0.266666666666667,0.5,0.509803921568627,50.2758960774214,-23.4001296034804,30.388546465066
potato_tanashi_8FUKANO_20170604_Ins1RGB_15m_transparent_mosaic_group1_1.jpg,326,396,0.301960784313725,0.43921568627451,0.219607843137255,0.270833333333333,0.5,0.43921568627451,43.5171958276954,-21.2849651780939,26.7694688984248
potato_tanashi_8FUKANO_20170604_Ins1RGB_15m_transparent_mosaic_group1_1.jpg,268,104,0.317647058823529,0.474509803921569,0.2,0.261904761904762,0.578512396694215,0.474509803921569,46.6288190440708,-24.3599991292203,33.0725684213332
potato_tanashi_8FUKANO_20170604_Ins1RGB_15m_transparent_mosaic_group1_1.jpg,271,107,0.325490196078431,0.482352941176471,0.23921568627451,0.274193548387097,0.504065040650406,0.482352941176471,47.5033523723873,-23.6092686833988,29.0124676210457
potato_tanashi_8FUKANO_20170604_Ins1RGB_15m_transparent_mosaic_group1_1.jpg,273,111,0.36078431372549,0.525490196078431,0.27843137254902,0.277777777777778,0.470149253731343,0.525490196078431,51.6709406566912,-24.2695135139873,28.9500608854458
potato_tanashi_8FUKANO_20170604_Ins1RGB_15m_transparent_mosaic_group1_1.jpg,677,81,0.317647058823529,0.454901960784314,0.243137254901961,0.274691358024691,0.46551724137931,0.454901960784314,45.14048916171,-21.0077079215058,25.5689690551337
potato_tanashi_8FUKANO_20170604_Ins1RGB_15m_transparent_mosaic_group1_1.jpg,825,843,0.415686274509804,0.584313725490196,0.262745098039216,0.254065040650406,0.550335570469799,0.584313725490196,57.1652771572176,-26.1333597469883,37.7411362276413
potato_tanashi_8FUKANO_20170604_Ins1RGB_15m_transparent_mosaic_group1_1.jpg,848,823,0.431372549019608,0.592156862745098,0.325490196078431,0.267156862745098,0.450331125827815,0.592156862745098,58.2056362194949,-24.0912161892868,30.9909371830798
potato_tanashi_8FUKANO_20170604_Ins1RGB_15m_transparent_mosaic_group1_2.jpg,725,736,0.345098039215686,0.498039215686275,0.250980392156863,0.26984126984127,0.496062992125984,0.498039215686275,49.1247909867791,-23.257180074946,29.4737521306312
potato_tanashi_8FUKANO_20170604_Ins1RGB_15m_transparent_mosaic_group1_2.jpg,724,752,0.36078431372549,0.509803921568627,0.27843137254902,0.274011299435028,0.453846153846154,0.509803921568627,50.4122478417999,-22.4221412311916,27.4027423867945
potato_tanashi_8FUKANO_20170604_Ins1RGB_15m_transparent_mosaic_group1_2.jpg,717,712,0.364705882352941,0.513725490196078,0.32156862745098,0.295918367346939,0.374045801526717,0.513725490196078,50.9403584608211,-21.2935021420605,22.0975861317868
potato_tanashi_8FUKANO_20170604_Ins1RGB_15m_transparent_mosaic_group1_2.jpg,780,961,0.419607843137255,0.572549019607843,0.364705882352941,0.289308176100629,0.363013698630137,0.572549019607843,56.6246735729086,-21.8318508616251,23.6308792463967
potato_tanashi_8FUKANO_20170604_Ins1RGB_15m_transparent_mosaic_group1_2.jpg,789,961,0.423529411764706,0.572549019607843,0.372549019607843,0.290849673202614,0.349315068493151,0.572549019607843,56.718825820133,-21.2251801498639,22.6799442461557
potato_tanashi_8FUKANO_20170604_Ins1RGB_15m_transparent_mosaic_group1_2.jpg,263,564,0.443137254901961,0.592156862745098,0.305882352941176,0.253424657534247,0.483443708609271,0.592156862745098,58.3398523185658,-23.4209776684454,33.7810911699154
potato_tanashi_8FUKANO_20170604_Ins1RGB_15m_transparent_mosaic_group1_2.jpg,263,552,0.482352941176471,0.63921568627451,0.352941176470588,0.257990867579909,0.447852760736196,0.63921568627451,62.7451487356281,-23.9969776553232,33.1901548390908
potato_tanashi_8FUKANO_20170604_Ins1RGB_15m_transparent_mosaic_group1_2.jpg,263,551,0.486274509803922,0.643137254901961,0.356862745098039,0.257990867579909,0.445121951219512,0.643137254901961,63.1206051155687,-23.9807544867836,33.1580433783735
potato_tanashi_8FUKANO_20170604_Ins1RGB_15m_transparent_mosaic_group1_2.jpg,262,542,0.474509803921569,0.619607843137255,0.317647058823529,0.246753246753247,0.487341772151899,0.619607843137255,61.0133031521868,-23.2894126834242,35.6172816594469
potato_tanashi_8FUKANO_20170604_Ins1RGB_15m_transparent_mosaic_group1_2.jpg,176,309,0.388235294117647,0.541176470588235,0.286274509803922,0.266666666666667,0.471014492753623,0.541176470588235,53.384344337927,-23.263752547536,30.1080286614479
potato_tanashi_8FUKANO_20170604_Ins1RGB_15m_transparent_mosaic_group1_2.jpg,190,263,0.294117647058824,0.407843137254902,0.227450980392157,0.271739130434783,0.442307692307692,0.407843137254902,40.8094967046396,-18.0113744630274,22.3096264927966
potato_tanashi_8FUKANO_20170604_Ins1RGB_15m_transparent_mosaic_group1_2.jpg,216,298,0.4,0.541176470588235,0.290196078431373,0.260416666666667,0.463768115942029,0.541176470588235,53.5905916451964,-22.0127744495521,29.8889957896816
potato_tanashi_8FUKANO_20170612_Ins1RGB_15m_transparent_mosaic_group1_1.jpg,362,407,0.541176470588235,0.690196078431373,0.403921568627451,0.253424657534247,0.414772727272727,0.690196078431373,67.7250198588503,-23.0357321756637,32.9656673975934
potato_tanashi_8FUKANO_20170612_Ins1RGB_15m_transparent_mosaic_group1_1.jpg,362,396,0.596078431372549,0.745098039215686,0.443137254901961,0.248917748917749,0.405263157894737,0.745098039215686,72.826120938752,-23.2088753782994,34.4983568339155
potato_tanashi_8FUKANO_20170612_Ins1RGB_15m_transparent_mosaic_group1_1.jpg,362,384,0.498039215686275,0.63921568627451,0.396078431372549,0.263440860215054,0.380368098159509,0.63921568627451,63.1491599634126,-21.3847529978373,28.0465216550644
potato_tanashi_8FUKANO_20170612_Ins1RGB_15m_transparent_mosaic_group1_1.jpg,341,396,0.615686274509804,0.752941176470588,0.431372549019608,0.23780487804878,0.427083333333333,0.752941176470588,73.6976536608577,-22.5143041089472,37.1761969122308
potato_tanashi_8FUKANO_20170612_Ins1RGB_15m_transparent_mosaic_group1_1.jpg,323,406,0.545098039215686,0.686274509803922,0.435294117647059,0.260416666666667,0.365714285714286,0.686274509803922,67.6054492070992,-21.3934693395419,28.6950097642729
potato_tanashi_8FUKANO_20170612_Ins1RGB_15m_transparent_mosaic_group1_1.jpg,267,365,0.537254901960784,0.694117647058824,0.356862745098039,0.244186046511628,0.485875706214689,0.694117647058824,67.8124303374547,-24.9572102466495,39.0748211992925
potato_tanashi_8FUKANO_20170612_Ins1RGB_15m_transparent_mosaic_group1_1.jpg,324,654,0.556862745098039,0.698039215686274,0.447058823529412,0.260416666666667,0.359550561797753,0.698039215686274,68.7177750691712,-21.3449316479624,28.604685715054
potato_tanashi_8FUKANO_20170612_Ins1RGB_15m_transparent_mosaic_group1_1.jpg,330,631,0.525490196078431,0.674509803921569,0.435294117647059,0.270491803278688,0.354651162790698,0.674509803921569,66.3988130467229,-21.8708557146787,27.0631910798927
potato_tanashi_8FUKANO_20170612_Ins1RGB_15m_transparent_mosaic_group1_1.jpg,330,629,0.533333333333333,0.682352941176471,0.450980392156863,0.274011299435028,0.339080459770115,0.682352941176471,67.1720145586853,-21.6156782335762,25.9875354947238
potato_tanashi_8FUKANO_20170612_Ins1RGB_15m_transparent_mosaic_group1_1.jpg,288,646,0.556862745098039,0.686274509803922,0.462745098039216,0.263157894736842,0.325714285714286,0.686274509803922,67.9084586136482,-19.5153495220057,25.4534722212514
potato_tanashi_8FUKANO_20170612_Ins1RGB_15m_transparent_mosaic_group1_1.jpg,798,653,0.670588235294118,0.819607843137255,0.431372549019608,0.230639730639731,0.473684210526316,0.819607843137255,79.450721339451,-24.8914822498762,44.4166001901607
potato_tanashi_8FUKANO_20170612_Ins1RGB_15m_transparent_mosaic_group1_1.jpg,782,660,0.596078431372549,0.749019607843137,0.431372549019608,0.246913580246914,0.424083769633508,0.749019607843137,73.0760663064725,-23.9441753768518,36.3196068428717
potato_tanashi_8FUKANO_20170612_Ins1RGB_15m_transparent_mosaic_group1_1.jpg,784,892,0.56078431372549,0.737254901960784,0.372549019607843,0.247311827956989,0.49468085106383,0.737254901960784,71.4569528714926,-27.2783515125359,41.5716595334528
potato_tanashi_8FUKANO_20170612_Ins1RGB_15m_transparent_mosaic_group1_1.jpg,785,883,0.533333333333333,0.674509803921569,0.423529411764706,0.260416666666667,0.372093023255814,0.674509803921569,66.4900943229521,-21.4420026274411,28.7839443269833
potato_tanashi_8FUKANO_20170612_Ins1RGB_15m_transparent_mosaic_group1_1.jpg,805,901,0.541176470588235,0.705882352941177,0.423529411764706,0.263888888888889,0.4,0.705882352941177,68.955438387287,-24.3648893660143,31.9476603467841
potato_tanashi_8FUKANO_20170612_Ins1RGB_15m_transparent_mosaic_group1_1.jpg,466,926,0.568627450980392,0.741176470588235,0.447058823529412,0.264444444444444,0.396825396825397,0.741176470588235,72.09508549966,-25.2508826072984,32.9566309277957
potato_tanashi_8FUKANO_20170612_Ins1RGB_15m_transparent_mosaic_group1_2.jpg,566,603,0.47843137254902,0.631372549019608,0.313725490196078,0.246913580246914,0.503105590062112,0.631372549019608,61.9683790469468,-24.3623251859729,37.2711243443661
potato_tanashi_8FUKANO_20170612_Ins1RGB_15m_transparent_mosaic_group1_2.jpg,604,599,0.541176470588235,0.701960784313725,0.474509803921569,0.28448275862069,0.324022346368715,0.701960784313725,68.8451253878613,-22.5138997879175,25.0387983829942
potato_tanashi_8FUKANO_20170612_Ins1RGB_15m_transparent_mosaic_group1_2.jpg,578,592,0.592156862745098,0.749019607843137,0.501960784313725,0.272486772486772,0.329842931937173,0.749019607843137,73.247833770254,-22.4978128968955,27.3260876793538
potato_tanashi_8FUKANO_20170612_Ins1RGB_15m_transparent_mosaic_group1_2.jpg,496,390,0.458823529411765,0.623529411764706,0.435294117647059,0.3125,0.30188679245283,0.623529411764706,61.4596868291717,-22.0674897373956,20.3431909245755
potato_tanashi_8FUKANO_20170612_Ins1RGB_15m_transparent_mosaic_group1_2.jpg,511,420,0.517647058823529,0.666666666666667,0.364705882352941,0.248917748917749,0.452941176470588,0.666666666666667,65.4472868843514,-23.5032809406845,35.1317992569805
potato_tanashi_8FUKANO_20170612_Ins1RGB_15m_transparent_mosaic_group1_2.jpg,712,1203,0.627450980392157,0.768627450980392,0.517647058823529,0.260416666666667,0.326530612244898,0.768627450980392,75.3220613826701,-21.0586938904212,28.0953237451827
potato_tanashi_8FUKANO_20170612_Ins1RGB_15m_transparent_mosaic_group1_2.jpg,716,1197,0.564705882352941,0.725490196078431,0.466666666666667,0.27020202020202,0.356756756756757,0.725490196078431,70.9411904944886,-23.2892430479216,28.9000941094197
potato_tanashi_8FUKANO_20170612_Ins1RGB_15m_transparent_mosaic_group1_2.jpg,742,1173,0.556862745098039,0.72156862745098,0.423529411764706,0.258771929824561,0.41304347826087,0.72156862745098,70.3778309704794,-24.6955479882066,33.7990125314979
potato_tanashi_8FUKANO_20170612_Ins1RGB_15m_transparent_mosaic_group1_2.jpg,750,1158,0.654901960784314,0.811764705882353,0.423529411764706,0.234006734006734,0.478260869565217,0.811764705882353,78.5996993988612,-25.6636962279813,44.2774665497721
potato_tanashi_8FUKANO_20170612_Ins1RGB_15m_transparent_mosaic_group1_2.jpg,740,1138,0.596078431372549,0.756862745098039,0.482352941176471,0.264285714285714,0.362694300518135,0.756862745098039,73.8145139696537,-23.5756224621481,30.6570713590255
potato_tanashi_8FUKANO_20170612_Ins1RGB_15m_transparent_mosaic_group1_2.jpg,1145,1066,0.63921568627451,0.784313725490196,0.47843137254902,0.245726495726496,0.39,0.784313725490196,76.5170975878832,-22.7868184255933,34.7814655975739
potato_tanashi_8FUKANO_20170612_Ins1RGB_15m_transparent_mosaic_group1_2.jpg,1128,1026,0.541176470588235,0.694117647058824,0.376470588235294,0.246913580246914,0.457627118644068,0.694117647058824,67.9337082362979,-24.1428000775477,36.7634015706686
potato_tanashi_8FUKANO_20170612_Ins1RGB_15m_transparent_mosaic_group1_2.jpg,1101,815,0.576470588235294,0.72156862745098,0.447058823529412,0.254761904761905,0.380434782608696,0.72156862745098,70.7832791997359,-22.2410616693906,31.3266345040007
potato_tanashi_8FUKANO_20170616_Ins1RGB_15m_transparent_mosaic_group1_1.jpg,882,432,0.490196078431373,0.619607843137255,0.435294117647059,0.283687943262411,0.29746835443038,0.619607843137255,61.6859239070183,-18.654280380742,20.7550972767645
potato_tanashi_8FUKANO_20170616_Ins1RGB_15m_transparent_mosaic_group1_1.jpg,883,413,0.513725490196078,0.647058823529412,0.356862745098039,0.243243243243243,0.448484848484848,0.647058823529412,63.8820769177616,-21.765666611878,34.216692516524
potato_tanashi_8FUKANO_20170616_Ins1RGB_15m_transparent_mosaic_group1_1.jpg,905,170,0.580392156862745,0.729411764705882,0.403921568627451,0.242971887550201,0.446236559139785,0.729411764705882,71.2900796092475,-23.8179092816764,37.5442893362504
potato_tanashi_8FUKANO_20170616_Ins1RGB_15m_transparent_mosaic_group1_1.jpg,874,153,0.501960784313725,0.647058823529412,0.372549019607843,0.254761904761905,0.424242424242424,0.647058823529412,63.7289028923081,-22.5391225624494,31.92234660843
potato_tanashi_8FUKANO_20170616_Ins1RGB_15m_transparent_mosaic_group1_1.jpg,997,752,0.517647058823529,0.682352941176471,0.384313725490196,0.258771929824561,0.436781609195402,0.682352941176471,66.6855956428076,-24.8568168220183,34.1203608268904
potato_tanashi_8FUKANO_20170616_Ins1RGB_15m_transparent_mosaic_group1_1.jpg,1058,705,0.580392156862745,0.733333333333333,0.486274509803922,0.26984126984127,0.336898395721925,0.733333333333333,71.8486680331137,-22.1989632085701,27.5372889694836
potato_tanashi_8FUKANO_20170616_Ins1RGB_15m_transparent_mosaic_group1_1.jpg,1371,661,0.564705882352941,0.729411764705882,0.431372549019608,0.258771929824561,0.408602150537634,0.729411764705882,71.111766502714,-24.6624189198478,33.7372930221721
potato_tanashi_8FUKANO_20170616_Ins1RGB_15m_transparent_mosaic_group1_1.jpg,1347,674,0.525490196078431,0.698039215686274,0.364705882352941,0.252941176470588,0.47752808988764,0.698039215686274,67.9345078296225,-26.3637272673894,38.1804860881328
potato_tanashi_8FUKANO_20170616_Ins1RGB_15m_transparent_mosaic_group1_1.jpg,1317,656,0.517647058823529,0.666666666666667,0.474509803921569,0.295918367346939,0.288235294117647,0.666666666666667,65.8339200599943,-20.5275109303645,20.9708552775103
potato_tanashi_8FUKANO_20170616_Ins1RGB_15m_transparent_mosaic_group1_1.jpg,1082,1005,0.482352941176471,0.6,0.403921568627451,0.266666666666667,0.326797385620915,0.6,59.9471209901395,-17.9570182990105,22.7745324022685
potato_tanashi_8FUKANO_20170616_Ins1RGB_15m_transparent_mosaic_group1_1.jpg,1089,981,0.592156862745098,0.741176470588235,0.454901960784314,0.253424657534247,0.386243386243386,0.741176470588235,72.5114446878998,-22.8364402482977,32.5618216759912
potato_tanashi_8FUKANO_20170616_Ins1RGB_15m_transparent_mosaic_group1_1.jpg,1008,987,0.333333333333333,0.47843137254902,0.207843137254902,0.256038647342995,0.565573770491803,0.47843137254902,47.2210075531969,-23.1002180672449,32.83141592406
potato_tanashi_8FUKANO_20170616_Ins1RGB_15m_transparent_mosaic_group1_1.jpg,1136,1230,0.6,0.764705882352941,0.435294117647059,0.25,0.430769230769231,0.764705882352941,74.2998596564518,-25.2802230463369,37.3512840170056
potato_tanashi_8FUKANO_20170616_Ins1RGB_15m_transparent_mosaic_group1_2.jpg,458,677,0.552941176470588,0.725490196078431,0.423529411764706,0.261904761904762,0.416216216216216,0.725490196078431,70.6039034058124,-25.5135476883831,34.0652451008497
potato_tanashi_8FUKANO_20170616_Ins1RGB_15m_transparent_mosaic_group1_2.jpg,458,658,0.670588235294118,0.827450980392157,0.47843137254902,0.241573033707865,0.421800947867298,0.827450980392157,80.1446885009909,-24.7692038499034,39.4486961293929
potato_tanashi_8FUKANO_20170616_Ins1RGB_15m_transparent_mosaic_group1_2.jpg,814,645,0.529411764705882,0.686274509803922,0.482352941176471,0.294871794871795,0.297142857142857,0.686274509803922,67.5183487832016,-21.5234994162637,22.1835881592936
potato_tanashi_8FUKANO_20170616_Ins1RGB_15m_transparent_mosaic_group1_2.jpg,817,666,0.525490196078431,0.686274509803922,0.419607843137255,0.267156862745098,0.388571428571429,0.686274509803922,67.2222062995887,-23.6735983188892,30.2073099755739
potato_tanashi_8FUKANO_20170616_Ins1RGB_15m_transparent_mosaic_group1_2.jpg,1004,918,0.592156862745098,0.741176470588235,0.4,0.239463601532567,0.46031746031746,0.741176470588235,72.3430191878453,-24.1286706475167,39.3727274283835
potato_tanashi_8FUKANO_20170616_Ins1RGB_15m_transparent_mosaic_group1_2.jpg,951,935,0.545098039215686,0.701960784313725,0.505882352941176,0.3,0.279329608938547,0.701960784313725,69.0335394985016,-21.2081736345789,21.0576502512481
potato_tanashi_8FUKANO_20170616_Ins1RGB_15m_transparent_mosaic_group1_2.jpg,905,960,0.517647058823529,0.670588235294118,0.36078431372549,0.248945147679325,0.461988304093567,0.670588235294118,65.7298932797797,-24.0487070228443,35.978409800942
potato_tanashi_8FUKANO_20170616_Ins1RGB_15m_transparent_mosaic_group1_2.jpg,957,1182,0.572549019607843,0.725490196078431,0.517647058823529,0.289308176100629,0.286486486486486,0.725490196078431,71.2637229482018,-21.09855949825,22.5404456243279
potato_tanashi_8FUKANO_20170616_Ins1RGB_15m_transparent_mosaic_group1_2.jpg,966,1182,0.580392156862745,0.737254901960784,0.494117647058824,0.274193548387097,0.329787234042553,0.737254901960784,72.1642540175984,-22.4385025273839,26.9075965525
potato_tanashi_8FUKANO_20170616_Ins1RGB_15m_transparent_mosaic_group1_2.jpg,974,1215,0.580392156862745,0.741176470588235,0.52156862745098,0.288690476190476,0.296296296296296,0.741176470588235,72.5556350223587,-22.1027105692342,23.7577752446221
potato_tanashi_8FUKANO_20170616_Ins1RGB_15m_transparent_mosaic_group1_2.jpg,990,1223,0.474509803921569,0.63921568627451,0.392156862745098,0.277777777777778,0.386503067484663,0.63921568627451,62.7450417917461,-23.7322296862966,27.9629103118028
potato_tanashi_8FUKANO_20170616_Ins1RGB_15m_transparent_mosaic_group1_2.jpg,999,1233,0.529411764705882,0.698039215686274,0.419607843137255,0.267605633802817,0.398876404494382,0.698039215686274,68.1657107515429,-24.6686941072212,31.4181604381232
potato_tanashi_8FUKANO_20170616_Ins1RGB_15m_transparent_mosaic_group1_2.jpg,522,1157,0.615686274509804,0.788235294117647,0.486274509803922,0.261904761904762,0.383084577114428,0.788235294117647,76.4327473323288,-25.252044755765,33.5686697156897
potato_tanashi_8FUKANO_20170616_Ins1RGB_15m_transparent_mosaic_group1_2.jpg,456,1057,0.572549019607843,0.741176470588235,0.419607843137255,0.254065040650407,0.433862433862434,0.741176470588235,72.0726632763543,-25.5573847077448,36.4763045732197
potato_tanashi_8FUKANO_20170616_Ins1RGB_15m_transparent_mosaic_group1_2.jpg,469,1042,0.549019607843137,0.725490196078431,0.407843137254902,0.259259259259259,0.437837837837838,0.725490196078431,70.4917927780581,-26.2648931880419,35.9258336533731
potato_tanashi_8FUKANO_20170616_Ins1RGB_15m_transparent_mosaic_group1_2.jpg,61,1111,0.627450980392157,0.784313725490196,0.447058823529412,0.244186046511628,0.43,0.784313725490196,76.2200183434961,-24.6464804751003,38.3524486121988
potato_tanashi_8FUKANO_20170616_Ins1RGB_15m_transparent_mosaic_group1_2.jpg,608,1514,0.466666666666667,0.623529411764706,0.286274509803922,0.244186046511628,0.540880503144654,0.623529411764706,61.099942131081,-25.1790826807733,39.6156988132363
potato_tanashi_8FUKANO_20170616_Ins1RGB_15m_transparent_mosaic_group1_2.jpg,613,1486,0.611764705882353,0.784313725490196,0.474509803921569,0.259493670886076,0.395,0.784313725490196,76.0449572948538,-25.4656345266026,34.5755959973116
potato_tanashi_8FUKANO_20170616_Ins1RGB_15m_transparent_mosaic_group1_2.jpg,1082,1421,0.549019607843137,0.698039215686274,0.396078431372549,0.248917748917749,0.432584269662921,0.698039215686274,68.4161358984594,-23.3860291143963,34.8756819183454
potato_tanashi_8FUKANO_20170616_Ins1RGB_15m_transparent_mosaic_group1_2.jpg,783,370,0.611764705882353,0.788235294117647,0.423529411764706,0.247311827956989,0.462686567164179,0.788235294117647,76.177772579401,-27.1043790570203,41.1694397311315
potato_tanashi_8FUKANO_20170616_Ins1RGB_15m_transparent_mosaic_group1_2.jpg,832,360,0.447058823529412,0.592156862745098,0.431372549019608,0.317073170731707,0.271523178807947,0.592156862745098,58.8569967523743,-19.5189629126146,17.3675506306596
potato_tanashi_8FUKANO_20170629_Ins1RGB_15m_transparent_mosaic_group1_1.jpg,664,695,0.807843137254902,0.976470588235294,0.623529411764706,0.246296296296296,0.36144578313253,0.976470588235294,93.3391883223414,-25.4439921415374,38.5108446744747
potato_tanashi_8FUKANO_20170629_Ins1RGB_15m_transparent_mosaic_group1_1.jpg,639,604,0.67843137254902,0.866666666666667,0.43921568627451,0.240061162079511,0.493212669683258,0.866666666666667,82.9739788888777,-29.2669825167894,47.689576853229
potato_tanashi_8FUKANO_20170629_Ins1RGB_15m_transparent_mosaic_group1_1.jpg,613,510,0.705882352941177,0.87843137254902,0.631372549019608,0.283068783068783,0.28125,0.87843137254902,84.8691615036022,-23.376060164071,26.0806550262996
potato_tanashi_8FUKANO_20170629_Ins1RGB_15m_transparent_mosaic_group1_1.jpg,613,487,0.690196078431373,0.858823529411765,0.580392156862745,0.267605633802817,0.324200913242009,0.858823529411765,83.0389198398789,-23.9807117326795,30.220128749913
potato_tanashi_8FUKANO_20170629_Ins1RGB_15m_transparent_mosaic_group1_1.jpg,615,157,0.756862745098039,0.941176470588235,0.525490196078431,0.240566037735849,0.441666666666667,0.941176470588235,89.7553459526056,-28.4313399557711,45.8474619045626
potato_tanashi_8FUKANO_20170629_Ins1RGB_15m_transparent_mosaic_group1_1.jpg,561,188,0.674509803921569,0.850980392156863,0.533333333333333,0.259259259259259,0.373271889400922,0.850980392156863,82.0623889861291,-25.7565622465755,34.9376440106947
potato_tanashi_8FUKANO_20170629_Ins1RGB_15m_transparent_mosaic_group1_1.jpg,544,195,0.796078431372549,0.972549019607843,0.654901960784314,0.259259259259259,0.326612903225806,0.972549019607843,92.9798632123638,-25.2826227012689,34.0739708013835
potato_tanashi_8FUKANO_20170629_Ins1RGB_15m_transparent_mosaic_group1_1.jpg,548,221,0.635294117647059,0.835294117647059,0.372549019607843,0.238700564971751,0.553990610328639,0.835294117647059,79.8593447897529,-31.1173903931407,51.6387148425701
potato_tanashi_8FUKANO_20170629_Ins1RGB_15m_transparent_mosaic_group1_1.jpg,1040,428,0.392156862745098,0.549019607843137,0.305882352941176,0.274193548387097,0.442857142857143,0.549019607843137,54.1296399646571,-23.3067509688413,28.4127473860533
potato_tanashi_8FUKANO_20170629_Ins1RGB_15m_transparent_mosaic_group1_1.jpg,993,398,0.882352941176471,0.984313725490196,0.643137254901961,0.216475095785441,0.346613545816733,0.984313725490196,95.2273993430214,-18.9804641384772,38.7950404051163
potato_tanashi_8FUKANO_20170629_Ins1RGB_15m_transparent_mosaic_group1_1.jpg,1020,622,0.619607843137255,0.772549019607843,0.588235294117647,0.304964539007092,0.238578680203046,0.772549019607843,75.7501099169793,-20.1653384087629,19.2293560696485
potato_tanashi_8FUKANO_20170629_Ins1RGB_15m_transparent_mosaic_group1_1.jpg,1026,643,0.701960784313725,0.870588235294118,0.509803921568627,0.244565217391304,0.414414414414414,0.870588235294118,83.8344112309434,-25.9946197739144,40.2438755775436
potato_tanashi_8FUKANO_20170629_Ins1RGB_15m_transparent_mosaic_group1_1.jpg,1046,676,0.564705882352941,0.705882352941177,0.364705882352941,0.235632183908046,0.483333333333333,0.705882352941177,69.1747864607954,-23.4723965150987,39.8507377825601
potato_tanashi_8FUKANO_20170629_Ins1RGB_15m_transparent_mosaic_group1_1.jpg,1046,696,0.737254901960784,0.905882352941176,0.596078431372549,0.257383966244726,0.341991341991342,0.905882352941176,87.1814524137297,-24.6227478990712,33.771139082965
potato_tanashi_8FUKANO_20170629_Ins1RGB_15m_transparent_mosaic_group1_1.jpg,1046,705,0.792156862745098,0.952941176470588,0.694117647058824,0.27020202020202,0.271604938271605,0.952941176470588,91.7101852955995,-22.3610075470514,27.4000333929703
potato_tanashi_8FUKANO_20170629_Ins1RGB_15m_transparent_mosaic_group1_1.jpg,1159,1225,0.8,0.956862745098039,0.619607843137255,0.244186046511628,0.352459016393443,0.956862745098039,91.8461011368678,-24.0539236830555,37.0575546145229
potato_tanashi_8FUKANO_20170629_Ins1RGB_15m_transparent_mosaic_group1_1.jpg,1188,1224,0.741176470588235,0.917647058823529,0.419607843137255,0.225721784776903,0.542735042735043,0.917647058823529,87.5803533220604,-29.3364984579121,55.5824572484781
potato_tanashi_8FUKANO_20170629_Ins1RGB_15m_transparent_mosaic_group1_1.jpg,1192,1256,0.796078431372549,0.941176470588235,0.670588235294118,0.256038647342995,0.2875,0.941176470588235,90.8809926590146,-21.3142402454279,29.3275740447184
potato_tanashi_8FUKANO_20170629_Ins1RGB_15m_transparent_mosaic_group1_1.jpg,1225,1391,0.454901960784314,0.619607843137255,0.329411764705882,0.261261261261261,0.468354430379747,0.619607843137255,60.7229090642801,-24.9263224476896,33.6612548089673
potato_tanashi_8FUKANO_20170629_Ins1RGB_15m_transparent_mosaic_group1_1.jpg,1248,1465,0.623529411764706,0.780392156862745,0.443137254901961,0.244186046511628,0.432160804020101,0.780392156862745,75.8584279652129,-24.6613963650081,38.3844840213003
potato_tanashi_8FUKANO_20170629_Ins1RGB_15m_transparent_mosaic_group1_1.jpg,1250,1526,0.76078431372549,0.92156862745098,0.662745098039216,0.27020202020202,0.280851063829787,0.92156862745098,88.9050552769747,-22.4803454396005,27.584995306724
potato_tanashi_8FUKANO_20170629_Ins1RGB_15m_transparent_mosaic_group1_1.jpg,1256,1573,0.690196078431373,0.870588235294118,0.482352941176471,0.244107744107744,0.445945945945946,0.870588235294118,83.5608323893067,-27.7051084648263,43.2443121074612
potato_tanashi_8FUKANO_20170629_Ins1RGB_15m_transparent_mosaic_group1_1.jpg,953,1474,0.694117647058824,0.870588235294118,0.513725490196078,0.249084249084249,0.40990990990991,0.870588235294118,83.7168405920394,-26.6326117406525,39.5763086577848
potato_tanashi_8FUKANO_20170629_Ins1RGB_15m_transparent_mosaic_group1_1.jpg,923,1478,0.803921568627451,0.929411764705882,0.549019607843137,0.221649484536082,0.409282700421941,0.929411764705882,89.8049690338885,-22.2020305969081,43.2574843321077
potato_tanashi_8FUKANO_20170629_Ins1RGB_15m_transparent_mosaic_group1_1.jpg,870,1483,0.72156862745098,0.882352941176471,0.615686274509804,0.267156862745098,0.302222222222222,0.882352941176471,85.3445241558685,-22.8503139597916,28.7998836324149
potato_tanashi_8FUKANO_20170629_Ins1RGB_15m_transparent_mosaic_group1_1.jpg,842,1491,0.588235294117647,0.776470588235294,0.447058823529412,0.261904761904762,0.424242424242424,0.776470588235294,75.0064143725609,-27.4354461209126,36.682603388399
potato_tanashi_8FUKANO_20170629_Ins1RGB_15m_transparent_mosaic_group1_1.jpg,806,1488,0.890196078431373,0.968627450980392,0.698039215686274,0.214975845410628,0.279352226720648,0.968627450980392,94.5113655790789,-15.1013691843459,30.9868942639526
potato_tanashi_8FUKANO_20170629_Ins1RGB_15m_transparent_mosaic_group1_1.jpg,788,1301,0.729411764705882,0.898039215686275,0.537254901960784,0.244565217391304,0.40174672489083,0.898039215686275,86.31098682926,-25.9003043927766,40.034093560119
potato_tanashi_8FUKANO_20170629_Ins1RGB_15m_transparent_mosaic_group1_1.jpg,687,947,0.549019607843137,0.745098039215686,0.372549019607843,0.254385964912281,0.5,0.745098039215686,71.8537504270523,-29.2672206734176,41.9868133891591
potato_tanashi_8FUKANO_20170629_Ins1RGB_15m_transparent_mosaic_group1_1.jpg,742,973,0.568627450980392,0.745098039215686,0.372549019607843,0.245614035087719,0.5,0.745098039215686,72.1662176471325,-27.4163602455638,42.4471678706301
potato_tanashi_8FUKANO_20170629_Ins1RGB_15m_transparent_mosaic_group1_1.jpg,773,1028,0.764705882352941,0.917647058823529,0.592156862745098,0.244979919678715,0.354700854700855,0.917647058823529,88.4478633454918,-23.5359518714237,36.0072578705717
potato_tanashi_8FUKANO_20170629_Ins1RGB_15m_transparent_mosaic_group1_2.jpg,1048,744,0.337254901960784,0.517647058823529,0.235294117647059,0.273148148148148,0.545454545454546,0.517647058823529,50.5524794174296,-26.647486119329,33.1852384515399
potato_tanashi_8FUKANO_20170629_Ins1RGB_15m_transparent_mosaic_group1_2.jpg,919,607,0.701960784313725,0.882352941176471,0.596078431372549,0.271689497716895,0.324444444444444,0.882352941176471,84.9502304213072,-25.1629957690695,30.738668326359
potato_tanashi_8FUKANO_20170629_Ins1RGB_15m_transparent_mosaic_group1_2.jpg,935,562,0.803921568627451,0.952941176470588,0.658823529411765,0.251111111111111,0.308641975308642,0.952941176470588,91.7777730894323,-22.2568487348864,32.037096548573
potato_tanashi_8FUKANO_20170629_Ins1RGB_15m_transparent_mosaic_group1_2.jpg,943,536,0.756862745098039,0.929411764705882,0.4,0.220987654320988,0.569620253164557,0.929411764705882,88.6290724027874,-29.4593910952298,58.9980933982507
potato_tanashi_8FUKANO_20170629_Ins1RGB_15m_transparent_mosaic_group1_2.jpg,875,273,0.650980392156863,0.835294117647059,0.466666666666667,0.25,0.44131455399061,0.835294117647059,80.3492858143753,-27.7586958452128,41.0799624547062
potato_tanashi_8FUKANO_20170629_Ins1RGB_15m_transparent_mosaic_group1_2.jpg,515,336,0.596078431372549,0.792156862745098,0.411764705882353,0.252577319587629,0.48019801980198,0.792156862745098,76.1810422810622,-29.2674944153846,42.5508361963176
potato_tanashi_8FUKANO_20170629_Ins1RGB_15m_transparent_mosaic_group1_2.jpg,540,578,0.788235294117647,0.933333333333333,0.529411764705882,0.226537216828479,0.432773109243698,0.933333333333333,89.7461802751578,-24.5461618436678,45.5049679475062
potato_tanashi_8FUKANO_20170629_Ins1RGB_15m_transparent_mosaic_group1_2.jpg,522,596,0.803921568627451,0.972549019607843,0.650980392156863,0.254065040650406,0.330645161290323,0.972549019607843,93.0956986621376,-24.6769145534576,34.7483966811232
potato_tanashi_8FUKANO_20170629_Ins1RGB_15m_transparent_mosaic_group1_2.jpg,522,618,0.56078431372549,0.725490196078431,0.474509803921569,0.276041666666667,0.345945945945946,0.725490196078431,70.9046175453358,-23.4389480196857,27.7988533452469
potato_tanashi_8FUKANO_20170629_Ins1RGB_15m_transparent_mosaic_group1_2.jpg,553,603,0.764705882352941,0.945098039215686,0.56078431372549,0.244897959183673,0.406639004149378,0.945098039215686,90.2590736163199,-27.3643204094133,42.2030752191894
potato_tanashi_8FUKANO_20170629_Ins1RGB_15m_transparent_mosaic_group1_2.jpg,178,970,0.674509803921569,0.823529411764706,0.490196078431373,0.241176470588235,0.404761904761905,0.823529411764706,79.9671314746427,-23.6783238837451,37.7660410951634
potato_tanashi_8FUKANO_20170629_Ins1RGB_15m_transparent_mosaic_group1_2.jpg,180,921,0.776470588235294,0.925490196078431,0.63921568627451,0.253424657534247,0.309322033898305,0.925490196078431,89.3533612159877,-22.1465257107072,31.2521926329292
potato_tanashi_8FUKANO_20170629_Ins1RGB_15m_transparent_mosaic_group1_2.jpg,569,917,0.768627450980392,0.925490196078431,0.647058823529412,0.26056338028169,0.300847457627119,0.925490196078431,89.2493200880908,-22.6503941018967,30.0834940948354
potato_tanashi_8FUKANO_20170629_Ins1RGB_15m_transparent_mosaic_group1_2.jpg,566,907,0.772549019607843,0.905882352941176,0.607843137254902,0.241228070175439,0.329004329004329,0.905882352941176,87.8213032031966,-21.0723936186696,33.2416423569519
potato_tanashi_8FUKANO_20170629_Ins1RGB_15m_transparent_mosaic_group1_2.jpg,648,1121,0.729411764705882,0.898039215686275,0.486274509803922,0.234920634920635,0.458515283842795,0.898039215686275,86.164411370351,-27.0190443458604,46.1005293768573
potato_tanashi_8FUKANO_20170629_Ins1RGB_15m_transparent_mosaic_group1_2.jpg,718,1335,0.772549019607843,0.933333333333333,0.666666666666667,0.267156862745098,0.285714285714286,0.933333333333333,89.9297291019295,-22.6540189856799,28.4828496777041
potato_tanashi_8FUKANO_20170629_Ins1RGB_15m_transparent_mosaic_group1_2.jpg,746,1422,0.752941176470588,0.917647058823529,0.619607843137255,0.258771929824561,0.324786324786325,0.917647058823529,88.3441579006794,-23.9143050450851,32.3462169702317
potato_tanashi_8FUKANO_20170703_Ins1RGB_15m_transparent_mosaic_group1_1.jpg,549,889,0.658823529411765,0.850980392156863,0.501960784313725,0.258426966292135,0.410138248847926,0.850980392156863,81.70921595765,-27.9676569257438,38.395772573067
potato_tanashi_8FUKANO_20170703_Ins1RGB_15m_transparent_mosaic_group1_1.jpg,504,695,0.349019607843137,0.541176470588235,0.180392156862745,0.255434782608696,0.666666666666667,0.541176470588235,52.5179538071029,-29.2225186282203,41.9661568034135
potato_tanashi_8FUKANO_20170703_Ins1RGB_15m_transparent_mosaic_group1_1.jpg,486,598,0.654901960784314,0.843137254901961,0.505882352941176,0.25968992248062,0.4,0.843137254901961,81.0951225867229,-27.3542501074169,37.1153829395059
potato_tanashi_8FUKANO_20170703_Ins1RGB_15m_transparent_mosaic_group1_1.jpg,489,514,0.631372549019608,0.792156862745098,0.525490196078431,0.267156862745098,0.336633663366337,0.792156862745098,77.1097900349992,-23.217120083765,29.408290030588
potato_tanashi_8FUKANO_20170703_Ins1RGB_15m_transparent_mosaic_group1_1.jpg,483,475,0.749019607843137,0.917647058823529,0.556862745098039,0.244565217391304,0.393162393162393,0.917647058823529,88.0715464905878,-25.8319948148747,39.8852909277227
potato_tanashi_8FUKANO_20170703_Ins1RGB_15m_transparent_mosaic_group1_1.jpg,480,466,0.576470588235294,0.780392156862745,0.356862745098039,0.246913580246914,0.542713567839196,0.780392156862745,74.8679654136511,-30.9109992171017,47.4948501593385
potato_tanashi_8FUKANO_20170703_Ins1RGB_15m_transparent_mosaic_group1_1.jpg,462,408,0.541176470588235,0.729411764705882,0.43921568627451,0.274774774774775,0.397849462365591,0.729411764705882,70.7582900853408,-26.6553199474373,32.1775854151434
potato_tanashi_8FUKANO_20170703_Ins1RGB_15m_transparent_mosaic_group1_1.jpg,432,346,0.611764705882353,0.792156862745098,0.407843137254902,0.244897959183673,0.485148514851485,0.792156862745098,76.4214286307059,-27.8806597577352,43.3880931244927
potato_tanashi_8FUKANO_20170703_Ins1RGB_15m_transparent_mosaic_group1_1.jpg,883,580,0.713725490196078,0.882352941176471,0.568627450980392,0.25625,0.355555555555556,0.882352941176471,85.0477481948278,-24.8136996285726,34.420075383471
potato_tanashi_8FUKANO_20170703_Ins1RGB_15m_transparent_mosaic_group1_1.jpg,909,785,0.349019607843137,0.474509803921569,0.282352941176471,0.275510204081633,0.40495867768595,0.474509803921569,47.3940074203414,-19.2021577449557,23.0294774216283
potato_tanashi_8FUKANO_20170703_Ins1RGB_15m_transparent_mosaic_group1_1.jpg,912,879,0.690196078431373,0.866666666666667,0.549019607843137,0.259259259259259,0.366515837104072,0.866666666666667,83.4861411861702,-25.6938912484872,34.8216100678693
potato_tanashi_8FUKANO_20170703_Ins1RGB_15m_transparent_mosaic_group1_1.jpg,912,907,0.749019607843137,0.933333333333333,0.572549019607843,0.251811594202899,0.38655462184874,0.933333333333333,89.2178460092919,-27.21608092445,39.3789966552288
potato_tanashi_8FUKANO_20170703_Ins1RGB_15m_transparent_mosaic_group1_1.jpg,588,963,0.494117647058824,0.705882352941177,0.32156862745098,0.258503401360544,0.544444444444444,0.705882352941177,67.9263558522672,-31.101910021939,43.3209857918446
potato_tanashi_8FUKANO_20170703_Ins1RGB_15m_transparent_mosaic_group1_1.jpg,525,954,0.701960784313725,0.905882352941176,0.482352941176471,0.246913580246914,0.467532467532468,0.905882352941176,86.2635559917015,-30.5168795263391,46.5669024368714
potato_tanashi_8FUKANO_20170703_Ins1RGB_15m_transparent_mosaic_group1_2.jpg,479,769,0.725490196078431,0.909803921568627,0.494117647058824,0.240566037735849,0.456896551724138,0.909803921568627,86.9510723432614,-28.5301013224175,46.087047027417
potato_tanashi_8FUKANO_20170703_Ins1RGB_15m_transparent_mosaic_group1_2.jpg,358,482,0.725490196078431,0.870588235294118,0.494117647058824,0.230902777777778,0.432432432432432,0.870588235294118,84.1859883759551,-24.1304167563965,42.7241570022814
potato_tanashi_8FUKANO_20170703_Ins1RGB_15m_transparent_mosaic_group1_2.jpg,367,443,0.713725490196078,0.894117647058824,0.549019607843137,0.253787878787879,0.385964912280702,0.894117647058824,85.8129297859786,-26.626591891634,37.8733457531009
potato_tanashi_8FUKANO_20170703_Ins1RGB_15m_transparent_mosaic_group1_2.jpg,864,313,0.67843137254902,0.862745098039216,0.501960784313725,0.251811594202899,0.418181818181818,0.862745098039216,82.8664250924451,-27.4777647929163,39.918304146036
potato_tanashi_8FUKANO_20170703_Ins1RGB_15m_transparent_mosaic_group1_2.jpg,821,335,0.619607843137255,0.819607843137255,0.407843137254902,0.247619047619048,0.502392344497608,0.819607843137255,78.551733901807,-30.1955724199374,45.9438778647984
potato_tanashi_8FUKANO_20170703_Ins1RGB_15m_transparent_mosaic_group1_2.jpg,857,636,0.564705882352941,0.741176470588235,0.345098039215686,0.240924092409241,0.534391534391534,0.741176470588235,71.74304912946,-27.8975187945691,45.2435894253294
potato_tanashi_8FUKANO_20170703_Ins1RGB_15m_transparent_mosaic_group1_2.jpg,863,694,0.674509803921569,0.854901960784314,0.509803921568627,0.253787878787879,0.403669724770642,0.854901960784314,82.2666519483532,-26.7757593969921,38.172522832931
potato_tanashi_8FUKANO_20170703_Ins1RGB_15m_transparent_mosaic_group1_2.jpg,907,867,0.592156862745098,0.776470588235294,0.458823529411765,0.263374485596708,0.409090909090909,0.776470588235294,75.10535952607,-26.7860476200579,35.323528784615
potato_tanashi_8FUKANO_20170703_Ins1RGB_15m_transparent_mosaic_group1_2.jpg,936,902,0.650980392156863,0.847058823529412,0.458823529411765,0.250841750841751,0.458333333333333,0.847058823529412,81.1757523778756,-29.242344775952,43.0519098244824
potato_tanashi_8FUKANO_20170703_Ins1RGB_15m_transparent_mosaic_group1_2.jpg,523,1000,0.682352941176471,0.847058823529412,0.415686274509804,0.23030303030303,0.509259259259259,0.847058823529412,81.5756350445079,-27.17022087238,48.8533228419589
potato_tanashi_8FUKANO_20170707_Ins1RGB_15m_transparent_mosaic_group1_1.jpg,790,735,0.741176470588235,0.92156862745098,0.537254901960784,0.244897959183673,0.417021276595745,0.92156862745098,88.1579736481461,-27.4446549554479,42.3835448303673
potato_tanashi_8FUKANO_20170707_Ins1RGB_15m_transparent_mosaic_group1_1.jpg,855,848,0.443137254901961,0.643137254901961,0.372549019607843,0.289855072463768,0.420731707317073,0.643137254901961,62.4914690294375,-27.6199622925057,30.1361715933681
potato_tanashi_8FUKANO_20170707_Ins1RGB_15m_transparent_mosaic_group1_1.jpg,936,983,0.83921568627451,0.980392156862745,0.737254901960784,0.263440860215054,0.248,0.980392156862745,94.5428791531597,-20.0662686289107,25.8340096388734
potato_tanashi_8FUKANO_20170707_Ins1RGB_15m_transparent_mosaic_group1_1.jpg,927,937,0.823529411764706,0.996078431372549,0.623529411764706,0.243859649122807,0.374015748031496,0.996078431372549,94.9460194284564,-26.2025460679959,40.6189458516812
potato_tanashi_8FUKANO_20170707_Ins1RGB_15m_transparent_mosaic_group1_1.jpg,1304,657,0.729411764705882,0.929411764705882,0.627450980392157,0.277056277056277,0.324894514767933,0.929411764705882,88.8116596293488,-27.1445288041893,31.8705535519348
potato_tanashi_8FUKANO_20170707_Ins1RGB_15m_transparent_mosaic_group1_1.jpg,1190,605,0.376470588235294,0.607843137254902,0.356862745098039,0.3203125,0.412903225806452,0.607843137254902,58.7269226178892,-30.0125875960312,27.2453350192013
potato_tanashi_8FUKANO_20170707_Ins1RGB_15m_transparent_mosaic_group1_1.jpg,1132,392,0.623529411764706,0.831372549019608,0.47843137254902,0.264814814814815,0.424528301886792,0.831372549019608,79.6650827753832,-29.5729132244115,38.6555275754021
potato_tanashi_8FUKANO_20170707_Ins1RGB_15m_transparent_mosaic_group1_1.jpg,1164,275,0.792156862745098,0.968627450980392,0.509803921568627,0.230769230769231,0.473684210526316,0.968627450980392,92.2078029772565,-28.5079251810952,50.8312678862808
potato_tanashi_8FUKANO_20170707_Ins1RGB_15m_transparent_mosaic_group1_1.jpg,1184,334,0.337254901960784,0.568627450980392,0.152941176470588,0.259433962264151,0.731034482758621,0.568627450980392,54.545152047503,-33.6498968234012,46.7657387006796
potato_tanashi_8FUKANO_20170707_Ins1RGB_15m_transparent_mosaic_group1_1.jpg,384,611,0.819607843137255,0.984313725490196,0.701960784313725,0.263888888888889,0.286852589641434,0.984313725490196,94.3438559397982,-23.2456579790202,29.9992232479682
potato_tanashi_8FUKANO_20170707_Ins1RGB_15m_transparent_mosaic_group1_1.jpg,342,591,0.454901960784314,0.635294117647059,0.384313725490196,0.286458333333333,0.395061728395062,0.635294117647059,62.1065355521175,-25.3242656906303,28.1263480782977
potato_tanashi_8FUKANO_20170707_Ins1RGB_15m_transparent_mosaic_group1_1.jpg,358,373,0.4,0.592156862745098,0.274509803921569,0.267489711934156,0.536423841059603,0.592156862745098,57.5710201645633,-28.266396633105,36.6708957894388
potato_tanashi_8FUKANO_20170707_Ins1RGB_15m_transparent_mosaic_group1_2.jpg,513,502,0.529411764705882,0.725490196078431,0.376470588235294,0.260299625468165,0.481081081081081,0.725490196078431,70.0904256213252,-28.8263146962374,39.315860979366
potato_tanashi_8FUKANO_20170707_Ins1RGB_15m_transparent_mosaic_group1_2.jpg,485,487,0.72156862745098,0.92156862745098,0.447058823529412,0.236914600550964,0.514893617021277,0.92156862745098,87.6016005817282,-31.1175184052612,52.3861853837133
potato_tanashi_8FUKANO_20170707_Ins1RGB_15m_transparent_mosaic_group1_2.jpg,481,471,0.47843137254902,0.650980392156863,0.341176470588235,0.259493670886076,0.475903614457831,0.650980392156863,63.5440162039794,-26.0092025755856,35.6652895890717
potato_tanashi_8FUKANO_20170707_Ins1RGB_15m_transparent_mosaic_group1_2.jpg,485,417,0.768627450980392,0.96078431372549,0.603921568627451,0.256410256410256,0.371428571428572,0.96078431372549,91.5491446835901,-27.7286310943379,38.5114922407472
potato_tanashi_8FUKANO_20170707_Ins1RGB_15m_transparent_mosaic_group1_2.jpg,651,951,0.768627450980392,0.941176470588235,0.694117647058824,0.283068783068783,0.2625,0.941176470588235,90.5112969314656,-23.1195637014454,25.7148701872823
potato_tanashi_8FUKANO_20170707_Ins1RGB_15m_transparent_mosaic_group1_2.jpg,564,919,0.666666666666667,0.854901960784314,0.564705882352941,0.274774774774775,0.339449541284404,0.854901960784314,82.3217908501097,-26.0939759555884,31.2223780906075
potato_tanashi_8FUKANO_20170707_Ins1RGB_15m_transparent_mosaic_group1_2.jpg,565,877,0.345098039215686,0.541176470588235,0.254901960784314,0.280821917808219,0.528985507246377,0.541176470588235,52.6322225333883,-28.111526488883,33.1375431179581
potato_tanashi_8FUKANO_20170707_Ins1RGB_15m_transparent_mosaic_group1_2.jpg,1051,867,0.643137254901961,0.83921568627451,0.490196078431373,0.260299625468165,0.41588785046729,0.83921568627451,80.5764375731101,-28.3736326255078,38.3938739612858
potato_tanashi_8FUKANO_20170707_Ins1RGB_15m_transparent_mosaic_group1_2.jpg,950,619,0.858823529411765,0.988235294117647,0.764705882352941,0.263157894736842,0.226190476190476,0.988235294117647,95.5186435311133,-18.4289398800734,23.701939678505
potato_tanashi_8FUKANO_20170707_Ins1RGB_15m_transparent_mosaic_group1_2.jpg,973,591,0.658823529411765,0.854901960784314,0.576470588235294,0.284037558685446,0.325688073394495,0.854901960784314,82.2390584054862,-26.4758941353747,29.5685999618807
potato_tanashi_8FUKANO_20170707_Ins1RGB_15m_transparent_mosaic_group1_2.jpg,1466,674,0.674509803921569,0.898039215686275,0.596078431372549,0.29004329004329,0.336244541484716,0.898039215686275,85.6308580458734,-29.359473609021,31.5295748139929
potato_tanashi_8FUKANO_20170707_Ins1RGB_15m_transparent_mosaic_group1_2.jpg,1393,573,0.364705882352941,0.56078431372549,0.188235294117647,0.254385964912281,0.664335664335664,0.56078431372549,54.3499178909872,-29.7604534648784,43.1088701616865
potato_tanashi_8FUKANO_20170707_Ins1RGB_15m_transparent_mosaic_group1_2.jpg,1354,526,0.690196078431373,0.894117647058824,0.572549019607843,0.272357723577236,0.359649122807018,0.894117647058824,85.5131102442996,-28.1667510974095,34.4312343999845
potato_tanashi_8FUKANO_20170707_Ins1RGB_15m_transparent_mosaic_group1_2.jpg,1346,273,0.654901960784314,0.874509803921569,0.494117647058824,0.262886597938144,0.434977578475336,0.874509803921569,83.3167193698168,-31.1080720187135,41.3499445772455
potato_tanashi_8FUKANO_20170707_Ins1RGB_15m_transparent_mosaic_group1_2.jpg,1262,227,0.811764705882353,0.988235294117647,0.725490196078431,0.278606965174129,0.265873015873016,0.988235294117647,94.5712176680474,-23.7319521648487,27.2815715599525
potato_tanashi_8FUKANO_20170707_Ins1RGB_15m_transparent_mosaic_group1_2.jpg,1793,519,0.674509803921569,0.866666666666667,0.549019607843137,0.267489711934156,0.366515837104072,0.866666666666667,83.2327179610392,-27.1233962108606,34.4366997995878
potato_tanashi_8FUKANO_20170707_Ins1RGB_15m_transparent_mosaic_group1_2.jpg,140,1277,0.603921568627451,0.803921568627451,0.533333333333333,0.289855072463768,0.336585365853659,0.803921568627451,77.5470849989697,-26.8425558075158,28.8516627802437
potato_tanashi_8FUKANO_20170707_Ins1RGB_15m_transparent_mosaic_group1_2.jpg,230,1211,0.784313725490196,0.972549019607843,0.584313725490196,0.247474747474747,0.399193548387097,0.972549019607843,92.5588594750182,-28.0758936330422,42.2703663519655
potato_tanashi_8FUKANO_20170707_Ins1RGB_15m_transparent_mosaic_group1_2.jpg,148,1187,0.482352941176471,0.686274509803922,0.364705882352941,0.272357723577236,0.468571428571429,0.686274509803922,66.3684029744579,-29.0759045668881,36.1002772294183
potato_tanashi_8FUKANO_20170707_Ins1RGB_15m_transparent_mosaic_group1_2.jpg,191,1215,0.701960784313725,0.866666666666667,0.568627450980392,0.258771929824561,0.343891402714932,0.866666666666667,83.7466500030486,-24.1105688217531,32.6976566520364
potato_tanashi_8FUKANO_20170710_Ins1RGB_15m_transparent_mosaic_group1_1.jpg,796,710,0.482352941176471,0.717647058823529,0.466666666666667,0.322916666666667,0.349726775956284,0.717647058823529,69.090862117167,-29.799677799584,26.2092045410272
potato_tanashi_8FUKANO_20170710_Ins1RGB_15m_transparent_mosaic_group1_1.jpg,815,768,0.635294117647059,0.850980392156863,0.588235294117647,0.303482587064677,0.308755760368664,0.850980392156863,81.6365185896867,-27.7800393942139,27.1662652188144
potato_tanashi_8FUKANO_20170710_Ins1RGB_15m_transparent_mosaic_group1_1.jpg,821,873,0.647058823529412,0.862745098039216,0.596078431372549,0.301470588235294,0.309090909090909,0.862745098039216,82.6896516534328,-27.8381080805751,27.5772836821125
potato_tanashi_8FUKANO_20170710_Ins1RGB_15m_transparent_mosaic_group1_1.jpg,776,930,0.576470588235294,0.815686274509804,0.545098039215686,0.314009661835749,0.331730769230769,0.815686274509804,78.0361614375623,-30.2256800363734,27.8624556197392
potato_tanashi_8FUKANO_20170710_Ins1RGB_15m_transparent_mosaic_group1_1.jpg,729,860,0.474509803921569,0.701960784313725,0.462745098039216,0.325136612021858,0.340782122905028,0.701960784313725,67.775326593283,-28.8470556134947,24.9873864528791
potato_tanashi_8FUKANO_20170710_Ins1RGB_15m_transparent_mosaic_group1_1.jpg,679,756,0.572549019607843,0.815686274509804,0.52156862745098,0.304444444444444,0.360576923076923,0.815686274509804,77.8950828637314,-31.2418445343414,30.7258494700259
potato_tanashi_8FUKANO_20170710_Ins1RGB_15m_transparent_mosaic_group1_1.jpg,1053,686,0.611764705882353,0.843137254901961,0.576470588235294,0.311274509803922,0.316279069767442,0.843137254901961,80.6719576574055,-29.2973362540235,27.3503946986373
potato_tanashi_8FUKANO_20170710_Ins1RGB_15m_transparent_mosaic_group1_1.jpg,1087,727,0.623529411764706,0.862745098039216,0.556862745098039,0.297008547008547,0.354545454545455,0.862745098039216,82.195008786849,-31.0021745876475,31.9146210012263
potato_tanashi_8FUKANO_20170710_Ins1RGB_15m_transparent_mosaic_group1_1.jpg,1268,695,0.215686274509804,0.215686274509804,0.176470588235294,0.166666666666667,0.181818181818182,0.215686274509804,22.8190519292122,-1.56936538552413,6.30286424908165
potato_tanashi_8FUKANO_20170710_Ins1RGB_15m_transparent_mosaic_group1_1.jpg,1422,603,0.619607843137255,0.843137254901961,0.525490196078431,0.283950617283951,0.376744186046512,0.843137254901961,80.6090096001183,-30.0392140192907,33.8753675319364
potato_tanashi_8FUKANO_20170710_Ins1RGB_15m_transparent_mosaic_group1_1.jpg,1437,627,0.682352941176471,0.87843137254902,0.545098039215686,0.264705882352941,0.379464285714286,0.87843137254902,84.1831241776035,-27.8279065904535,36.1763313150984
potato_tanashi_8FUKANO_20170710_Ins1RGB_15m_transparent_mosaic_group1_1.jpg,1437,665,0.650980392156863,0.870588235294118,0.584313725490196,0.294520547945205,0.328828828828829,0.870588235294118,83.2689362355207,-28.7070090162926,29.8749170021258
potato_tanashi_8FUKANO_20170710_Ins1RGB_15m_transparent_mosaic_group1_1.jpg,1201,1210,0.705882352941177,0.913725490196078,0.694117647058824,0.324404761904762,0.240343347639485,0.913725490196078,87.5981401785472,-25.4974252618419,21.5807522691907
potato_tanashi_8FUKANO_20170710_Ins1RGB_15m_transparent_mosaic_group1_1.jpg,1195,1157,0.670588235294118,0.882352941176471,0.63921568627451,0.311827956989247,0.275555555555556,0.882352941176471,84.6160028376138,-26.7059994178717,24.6037589320867
potato_tanashi_8FUKANO_20170710_Ins1RGB_15m_transparent_mosaic_group1_1.jpg,1167,963,0.725490196078431,0.913725490196078,0.615686274509804,0.271929824561404,0.32618025751073,0.913725490196078,87.6069624322982,-26.0553857423012,31.7822332233161
potato_tanashi_8FUKANO_20170710_Ins1RGB_15m_transparent_mosaic_group1_1.jpg,842,1177,0.733333333333333,0.929411764705882,0.596078431372549,0.264705882352941,0.358649789029536,0.929411764705882,88.7661842426152,-27.6187107185897,35.7980882007054
potato_tanashi_8FUKANO_20170710_Ins1RGB_15m_transparent_mosaic_group1_1.jpg,835,1165,0.611764705882353,0.803921568627451,0.486274509803922,0.267489711934156,0.395121951219512,0.803921568627451,77.5094400230218,-27.3905054127455,34.9167701605489
potato_tanashi_8FUKANO_20170710_Ins1RGB_15m_transparent_mosaic_group1_1.jpg,792,1132,0.572549019607843,0.803921568627451,0.537254901960784,0.311274509803922,0.331707317073171,0.803921568627451,77.0867705452946,-29.4922538073328,27.6315997459014
potato_tanashi_8FUKANO_20170710_Ins1RGB_15m_transparent_mosaic_group1_1.jpg,369,507,0.556862745098039,0.788235294117647,0.529411764705882,0.315656565656566,0.328358208955224,0.788235294117647,75.6733910068364,-29.3386389675313,26.7553449405302
potato_tanashi_8FUKANO_20170710_Ins1RGB_15m_transparent_mosaic_group1_1.jpg,334,477,0.4,0.63921568627451,0.325490196078431,0.29375,0.49079754601227,0.63921568627451,61.426025232686,-32.2436840185268,34.7897796999107
potato_tanashi_8FUKANO_20170710_Ins1RGB_15m_transparent_mosaic_group1_1.jpg,339,419,0.415686274509804,0.615686274509804,0.384313725490196,0.310734463276836,0.375796178343949,0.615686274509804,59.9949281951116,-26.6446933594789,25.2797921628088
potato_tanashi_8FUKANO_20170710_Ins1RGB_15m_transparent_mosaic_group1_1.jpg,309,612,0.643137254901961,0.87843137254902,0.596078431372549,0.305555555555556,0.321428571428571,0.87843137254902,83.7564781625569,-29.9212517950616,28.9704579198207
potato_tanashi_8FUKANO_20170710_Ins1RGB_15m_transparent_mosaic_group1_1.jpg,404,777,0.568627450980392,0.792156862745098,0.584313725490196,0.345029239766082,0.282178217821782,0.792156862745098,76.3516084505214,-27.0488348439145,20.4107232911819
potato_tanashi_8FUKANO_20170710_Ins1RGB_15m_transparent_mosaic_group1_1.jpg,419,1043,0.6,0.811764705882353,0.568627450980392,0.311827956989247,0.29951690821256,0.811764705882353,78.1889574624468,-27.0433149348484,25.0516649305084
potato_tanashi_8FUKANO_20170710_Ins1RGB_15m_transparent_mosaic_group1_1.jpg,483,1344,0.52156862745098,0.745098039215686,0.529411764705882,0.339181286549708,0.3,0.745098039215686,71.9605082533044,-27.5431755706955,21.7204226226143
potato_tanashi_8FUKANO_20170710_Ins1RGB_15m_transparent_mosaic_group1_1.jpg,483,1309,0.647058823529412,0.850980392156863,0.517647058823529,0.268627450980392,0.391705069124424,0.850980392156863,81.5724149621653,-28.6545060737192,36.2008168569011
potato_tanashi_8FUKANO_20170710_Ins1RGB_15m_transparent_mosaic_group1_1.jpg,500,1262,0.654901960784314,0.847058823529412,0.670588235294118,0.346938775510204,0.226851851851852,0.847058823529412,81.9971909715416,-23.0551085600877,16.8713985097696
potato_tanashi_8FUKANO_20170710_Ins1RGB_15m_transparent_mosaic_group1_1.jpg,506,1427,0.607843137254902,0.843137254901961,0.568627450980392,0.30952380952381,0.325581395348837,0.843137254901961,80.58486121655,-29.8664862097542,28.2424029073441
potato_tanashi_8FUKANO_20170710_Ins1RGB_15m_transparent_mosaic_group1_2.jpg,832,894,0.529411764705882,0.752941176470588,0.443137254901961,0.286919831223629,0.411458333333333,0.752941176470588,72.3482105017303,-30.2547234094864,33.6315136354549
potato_tanashi_8FUKANO_20170710_Ins1RGB_15m_transparent_mosaic_group1_2.jpg,834,769,0.725490196078431,0.941176470588235,0.686274509803922,0.307692307692308,0.270833333333333,0.941176470588235,89.793563106823,-27.1278453237989,25.6217730237461
potato_tanashi_8FUKANO_20170710_Ins1RGB_15m_transparent_mosaic_group1_2.jpg,838,689,0.666666666666667,0.901960784313726,0.556862745098039,0.28030303030303,0.382608695652174,0.901960784313726,85.6598974801838,-31.522541507257,36.5137670243926
potato_tanashi_8FUKANO_20170710_Ins1RGB_15m_transparent_mosaic_group1_2.jpg,289,546,0.580392156862745,0.811764705882353,0.552941176470588,0.315656565656566,0.318840579710145,0.811764705882353,77.8355244770758,-29.219663652803,26.5835953781784
potato_tanashi_8FUKANO_20170710_Ins1RGB_15m_transparent_mosaic_group1_2.jpg,299,462,0.56078431372549,0.811764705882353,0.482352941176471,0.293650793650794,0.405797101449275,0.811764705882353,77.3059019985003,-32.9005035666556,34.9702294198545
potato_tanashi_8FUKANO_20170710_Ins1RGB_15m_transparent_mosaic_group1_2.jpg,287,408,0.650980392156863,0.894117647058824,0.568627450980392,0.291164658634538,0.364035087719298,0.894117647058824,84.9028464611234,-31.7276769063317,34.002184786512
potato_tanashi_8FUKANO_20170710_Ins1RGB_15m_transparent_mosaic_group1_2.jpg,348,449,0.674509803921569,0.894117647058824,0.607843137254902,0.294520547945205,0.320175438596491,0.894117647058824,85.3935975313519,-28.5962154477061,29.7112685612921
potato_tanashi_8FUKANO_20170710_Ins1RGB_15m_transparent_mosaic_group1_2.jpg,388,529,0.603921568627451,0.847058823529412,0.545098039215686,0.300865800865801,0.356481481481482,0.847058823529412,80.728466543873,-31.3091272258914,31.4607123752775
potato_tanashi_8FUKANO_20170710_Ins1RGB_15m_transparent_mosaic_group1_2.jpg,1038,297,0.462745098039216,0.701960784313725,0.396078431372549,0.297008547008547,0.435754189944134,0.701960784313725,67.3787923292925,-31.7713690193706,33.2419521005905
potato_tanashi_8FUKANO_20170710_Ins1RGB_15m_transparent_mosaic_group1_2.jpg,1081,463,0.615686274509804,0.847058823529412,0.580392156862745,0.311274509803922,0.314814814814815,0.847058823529412,81.0290143553142,-29.277883245487,27.3224511562688
potato_tanashi_8FUKANO_20170710_Ins1RGB_15m_transparent_mosaic_group1_2.jpg,1089,502,0.376470588235294,0.592156862745098,0.325490196078431,0.301470588235294,0.450331125827815,0.592156862745098,57.3774386956257,-29.1638768294505,29.7497619038068
potato_tanashi_8FUKANO_20170710_Ins1RGB_15m_transparent_mosaic_group1_2.jpg,1097,614,0.588235294117647,0.807843137254902,0.513725490196078,0.291111111111111,0.364077669902913,0.807843137254902,77.5238107195853,-29.2231117806261,31.3171345622271
potato_tanashi_8FUKANO_20170710_Ins1RGB_15m_transparent_mosaic_group1_2.jpg,1160,924,0.537254901960784,0.76078431372549,0.490196078431373,0.304347826086956,0.355670103092784,0.76078431372549,73.2083963902457,-29.1386532771866,28.6307905323033
potato_tanashi_8FUKANO_20170710_Ins1RGB_15m_transparent_mosaic_group1_2.jpg,1297,1279,0.466666666666667,0.682352941176471,0.356862745098039,0.27710843373494,0.477011494252874,0.682352941176471,65.8122489657112,-30.2601563228441,36.3598012932846
potato_tanashi_8FUKANO_20170710_Ins1RGB_15m_transparent_mosaic_group1_2.jpg,1274,1338,0.603921568627451,0.843137254901961,0.537254901960784,0.297008547008547,0.362790697674419,0.843137254901961,80.415509572124,-31.0971733830776,32.0653991371167
potato_tanashi_8FUKANO_20170710_Ins1RGB_15m_transparent_mosaic_group1_2.jpg,1194,1286,0.654901960784314,0.87843137254902,0.568627450980392,0.286919831223629,0.352678571428571,0.87843137254902,83.83548496257,-29.6644279629288,32.6389062858043
potato_tanashi_8FUKANO_20170710_Ins1RGB_15m_transparent_mosaic_group1_2.jpg,1200,1206,0.63921568627451,0.850980392156863,0.623529411764706,0.32183908045977,0.267281105990783,0.850980392156863,81.8340720885275,-26.3732915277428,22.8235947303342
potato_tanashi_8FUKANO_20170710_Ins1RGB_15m_transparent_mosaic_group1_2.jpg,1549,1105,0.643137254901961,0.858823529411765,0.631372549019608,0.324712643678161,0.264840182648402,0.858823529411765,82.4870092824742,-26.6744222210395,22.6837389750876
potato_tanashi_8FUKANO_20170710_Ins1RGB_15m_transparent_mosaic_group1_2.jpg,835,1191,0.643137254901961,0.854901960784314,0.627450980392157,0.32183908045977,0.26605504587156,0.854901960784314,82.1903521744446,-26.3535945489228,22.7991187375666
potato_tanashi_8FUKANO_20170718_Ins1RGB_15m_transparent_mosaic_group1_1.jpg,680,1168,0.611764705882353,0.788235294117647,0.525490196078431,0.278606965174129,0.333333333333333,0.788235294117647,76.5047546698331,-24.5679411316906,28.5473528702751
potato_tanashi_8FUKANO_20170718_Ins1RGB_15m_transparent_mosaic_group1_1.jpg,713,1010,0.603921568627451,0.768627450980392,0.52156862745098,0.277777777777778,0.321428571428571,0.768627450980392,74.940754298505,-23.1370460023095,26.9888731408253
potato_tanashi_8FUKANO_20170718_Ins1RGB_15m_transparent_mosaic_group1_1.jpg,619,693,0.611764705882353,0.772549019607843,0.545098039215686,0.28448275862069,0.294416243654822,0.772549019607843,75.4437195668284,-22.1937665692212,24.5616292945467
potato_tanashi_8FUKANO_20170718_Ins1RGB_15m_transparent_mosaic_group1_1.jpg,594,663,0.654901960784314,0.815686274509804,0.505882352941176,0.253164556962025,0.379807692307692,0.815686274509804,79.1251064438409,-24.243967788884,34.6269110652857
potato_tanashi_8FUKANO_20170718_Ins1RGB_15m_transparent_mosaic_group1_1.jpg,572,606,0.584313725490196,0.749019607843137,0.490196078431373,0.272727272727273,0.345549738219895,0.749019607843137,73.075234923653,-23.5515959942224,28.6269701123358
potato_tanashi_8FUKANO_20170718_Ins1RGB_15m_transparent_mosaic_group1_1.jpg,577,549,0.52156862745098,0.698039215686274,0.372549019607843,0.257028112449799,0.466292134831461,0.698039215686274,67.8936298761252,-26.5580436631296,37.1227095224069
potato_tanashi_8FUKANO_20170718_Ins1RGB_15m_transparent_mosaic_group1_1.jpg,526,459,0.458823529411765,0.623529411764706,0.325490196078431,0.258771929824561,0.477987421383648,0.623529411764706,61.0770873159271,-25.0940408204378,34.6119513440254
potato_tanashi_8FUKANO_20170718_Ins1RGB_15m_transparent_mosaic_group1_1.jpg,518,437,0.580392156862745,0.737254901960784,0.392156862745098,0.242424242424242,0.468085106382979,0.737254901960784,71.8336694969265,-24.9824729607691,39.6844247915867
potato_tanashi_8FUKANO_20170718_Ins1RGB_15m_transparent_mosaic_group1_1.jpg,1032,291,0.623529411764706,0.792156862745098,0.509803921568627,0.266203703703704,0.356435643564356,0.792156862745098,76.924740275122,-24.3636650242366,31.1837751812656
potato_tanashi_8FUKANO_20170718_Ins1RGB_15m_transparent_mosaic_group1_1.jpg,1008,737,0.403921568627451,0.576470588235294,0.274509803921569,0.261904761904762,0.523809523809524,0.576470588235294,56.39154282948,-26.1196428894276,35.3100181754871
potato_tanashi_8FUKANO_20170718_Ins1RGB_15m_transparent_mosaic_group1_1.jpg,1346,833,0.658823529411765,0.835294117647059,0.572549019607843,0.278606965174129,0.314553990610329,0.835294117647059,80.8244917014195,-24.3599778513198,28.2221469393019
potato_tanashi_8FUKANO_20170718_Ins1RGB_15m_transparent_mosaic_group1_1.jpg,1002,1156,0.674509803921569,0.854901960784314,0.568627450980392,0.271689497716895,0.334862385321101,0.854901960784314,82.4619218280206,-25.2786758604792,30.9278780637799
potato_tanashi_8FUKANO_20170718_Ins1RGB_15m_transparent_mosaic_group1_1.jpg,1152,1116,0.466666666666667,0.623529411764706,0.376470588235294,0.272486772486772,0.39622641509434,0.623529411764706,61.3659908690495,-23.0628631422304,28.2862292866084
potato_tanashi_8FUKANO_20170718_Ins1RGB_15m_transparent_mosaic_group1_2.jpg,1134,1133,0.701960784313725,0.882352941176471,0.537254901960784,0.253787878787879,0.391111111111111,0.882352941176471,84.7523377949855,-26.6712883846442,37.9630504969621
potato_tanashi_8FUKANO_20170718_Ins1RGB_15m_transparent_mosaic_group1_2.jpg,1083,1099,0.662745098039216,0.835294117647059,0.533333333333333,0.261904761904762,0.36150234741784,0.835294117647059,80.7496403274499,-25.0590192961698,33.212779645902
potato_tanashi_8FUKANO_20170718_Ins1RGB_15m_transparent_mosaic_group1_2.jpg,1031,964,0.427450980392157,0.603921568627451,0.270588235294118,0.254901960784314,0.551948051948052,0.603921568627451,58.9076099576342,-27.0691881909993,38.8319382053697
potato_tanashi_8FUKANO_20170718_Ins1RGB_15m_transparent_mosaic_group1_2.jpg,1003,928,0.623529411764706,0.803921568627451,0.450980392156863,0.251851851851852,0.439024390243902,0.803921568627451,77.5893686599686,-27.1528550736273,39.5279676184048
potato_tanashi_8FUKANO_20170718_Ins1RGB_15m_transparent_mosaic_group1_2.jpg,673,1201,0.67843137254902,0.858823529411765,0.513725490196078,0.253787878787879,0.401826484018265,0.858823529411765,82.6227948976228,-26.7613490515672,38.1431328747486
potato_tanashi_8FUKANO_20170718_Ins1RGB_15m_transparent_mosaic_group1_2.jpg,202,1103,0.741176470588235,0.909803921568627,0.486274509803922,0.233024691358025,0.46551724137931,0.909803921568627,87.1888225504223,-27.2262993844088,47.3866989445552
potato_tanashi_8FUKANO_20170718_Ins1RGB_15m_transparent_mosaic_group1_2.jpg,207,1040,0.619607843137255,0.807843137254902,0.517647058823529,0.274774774774775,0.359223300970874,0.807843137254902,78.0233027382655,-26.3024651846048,31.5670459204461
potato_tanashi_8FUKANO_20170718_Ins1RGB_15m_transparent_mosaic_group1_2.jpg,211,989,0.619607843137255,0.772549019607843,0.462745098039216,0.248945147679325,0.401015228426396,0.772549019607843,75.2839810582679,-23.6703035520122,35.1583373264667
potato_tanashi_8FUKANO_20170718_Ins1RGB_15m_transparent_mosaic_group1_2.jpg,229,861,0.67843137254902,0.870588235294118,0.52156862745098,0.258426966292135,0.400900900900901,0.870588235294118,83.4868211498962,-27.8898287139059,38.2418157076641
potato_tanashi_8FUKANO_20170718_Ins1RGB_15m_transparent_mosaic_group1_2.jpg,172,695,0.749019607843137,0.92156862745098,0.619607843137255,0.261904761904762,0.327659574468085,0.92156862745098,88.5523862388542,-24.7146527756126,32.6028001753835
potato_tanashi_8FUKANO_20170718_Ins1RGB_15m_transparent_mosaic_group1_2.jpg,154,659,0.717647058823529,0.901960784313726,0.462745098039216,0.236607142857143,0.48695652173913,0.901960784313726,86.1860430054355,-29.032541176151,48.8799257834349
potato_tanashi_8FUKANO_20170718_Ins1RGB_15m_transparent_mosaic_group1_2.jpg,148,550,0.650980392156863,0.831372549019608,0.537254901960784,0.268888888888889,0.35377358490566,0.831372549019608,80.2903061428618,-25.5887990524564,32.0736353459294
potato_tanashi_8FUKANO_20170718_Ins1RGB_15m_transparent_mosaic_group1_2.jpg,151,523,0.647058823529412,0.835294117647059,0.498039215686275,0.25968992248062,0.403755868544601,0.835294117647059,80.3803512203379,-27.3868532337216,37.178626084934
potato_tanashi_8FUKANO_20170718_Ins1RGB_15m_transparent_mosaic_group1_2.jpg,1072,430,0.6,0.784313725490196,0.47843137254902,0.267094017094017,0.39,0.784313725490196,75.8673371901041,-26.4559406900509,33.7992423211405
potato_tanashi_8FUKANO_20170718_Ins1RGB_15m_transparent_mosaic_group1_2.jpg,1001,430,0.670588235294118,0.858823529411765,0.52156862745098,0.25968992248062,0.392694063926941,0.858823529411765,82.5205220822643,-27.2921844551311,36.9941532343624
potato_tanashi_8FUKANO_20170718_Ins1RGB_15m_transparent_mosaic_group1_2.jpg,973,397,0.635294117647059,0.811764705882353,0.541176470588235,0.27536231884058,0.333333333333333,0.811764705882353,78.6417349216225,-24.6804968778412,29.368168015047
potato_tanashi_8FUKANO_20170718_Ins1RGB_15m_transparent_mosaic_group1_2.jpg,1473,1063,0.627450980392157,0.8,0.498039215686275,0.261904761904762,0.377450980392157,0.8,77.5158777786437,-25.2034332702434,33.4794861018161
potato_tanashi_8FUKANO_20170718_Ins1RGB_15m_transparent_mosaic_group1_2.jpg,1502,1100,0.458823529411765,0.662745098039216,0.337254901960784,0.271084337349398,0.49112426035503,0.662745098039216,64.1316368694169,-29.2655669016345,36.7858224741479
potato_tanashi_8FUKANO_20170718_Ins1RGB_15m_transparent_mosaic_group1_2.jpg,1545,1281,0.67843137254902,0.847058823529412,0.423529411764706,0.233024691358025,0.5,0.847058823529412,81.5294380874675,-27.39440961086,47.8529564354153
potato_tanashi_8FUKANO_20170718_Ins1RGB_15m_transparent_mosaic_group1_2.jpg,1567,1339,0.76078431372549,0.945098039215686,0.576470588235294,0.25,0.390041493775934,0.945098039215686,90.2427445858995,-27.3591715146742,40.2330144782429
potato_tanashi_8FUKANO_20170804_Ins1RGB_15m_transparent_mosaic_group1_1.jpg,1234,1440,0.698039215686274,0.866666666666667,0.552941176470588,0.25625,0.361990950226244,0.866666666666667,83.6282902469567,-24.8738462238398,34.5342198971702
potato_tanashi_8FUKANO_20170804_Ins1RGB_15m_transparent_mosaic_group1_1.jpg,1258,1496,0.525490196078431,0.72156862745098,0.372549019607843,0.260299625468165,0.483695652173913,0.72156862745098,69.7247833004382,-28.8415993330626,39.3470112291426
potato_tanashi_8FUKANO_20170804_Ins1RGB_15m_transparent_mosaic_group1_1.jpg,1242,1507,0.607843137254902,0.788235294117647,0.505882352941176,0.273148148148148,0.358208955223881,0.788235294117647,76.3717499471123,-25.4631964922347,30.9205590155308
potato_tanashi_8FUKANO_20170804_Ins1RGB_15m_transparent_mosaic_group1_1.jpg,1279,1323,0.388235294117647,0.576470588235294,0.23921568627451,0.25968992248062,0.585034013605442,0.576470588235294,56.0624183335051,-28.3536010622886,39.2258696415058
potato_tanashi_8FUKANO_20170804_Ins1RGB_15m_transparent_mosaic_group1_1.jpg,1205,1160,0.501960784313725,0.67843137254902,0.423529411764706,0.282051282051282,0.375722543352601,0.67843137254902,66.2659998072723,-24.859700680238,28.373394235697
potato_tanashi_8FUKANO_20170804_Ins1RGB_15m_transparent_mosaic_group1_1.jpg,1079,1005,0.549019607843137,0.713725490196078,0.454901960784314,0.272727272727273,0.362637362637363,0.713725490196078,69.7729107407355,-23.7094495306909,28.8917172472064
potato_tanashi_8FUKANO_20170804_Ins1RGB_15m_transparent_mosaic_group1_1.jpg,1079,940,0.635294117647059,0.796078431372549,0.576470588235294,0.288690476190476,0.275862068965517,0.796078431372549,77.6496813339408,-21.8590326131773,23.4152599912837
potato_tanashi_8FUKANO_20170804_Ins1RGB_15m_transparent_mosaic_group1_1.jpg,1003,496,0.482352941176471,0.666666666666667,0.352941176470588,0.264583333333333,0.470588235294118,0.666666666666667,64.8383272150958,-27.1514144801478,35.7444715772888
potato_tanashi_8FUKANO_20170804_Ins1RGB_15m_transparent_mosaic_group1_1.jpg,863,483,0.368627450980392,0.517647058823529,0.294117647058824,0.277777777777778,0.431818181818182,0.517647058823529,51.2183468115604,-22.1753104226925,26.287954899612
potato_tanashi_8FUKANO_20170804_Ins1RGB_15m_transparent_mosaic_group1_1.jpg,678,548,0.333333333333333,0.494117647058824,0.258823529411765,0.280555555555556,0.476190476190476,0.494117647058824,48.6454559624683,-23.7364942462433,27.784357872974
potato_tanashi_8FUKANO_20170804_Ins1RGB_15m_transparent_mosaic_group1_1.jpg,687,512,0.674509803921569,0.866666666666667,0.505882352941176,0.255434782608696,0.416289592760181,0.866666666666667,83.0957733139512,-28.1849511913543,39.6971353249037
potato_tanashi_8FUKANO_20170804_Ins1RGB_15m_transparent_mosaic_group1_1.jpg,243,725,0.654901960784314,0.835294117647059,0.549019607843137,0.271689497716895,0.342723004694836,0.835294117647059,80.6760537273712,-25.362610065985,31.0683868525719
potato_tanashi_8FUKANO_20170804_Ins1RGB_15m_transparent_mosaic_group1_1.jpg,258,653,0.650980392156863,0.83921568627451,0.411764705882353,0.240061162079511,0.509345794392523,0.83921568627451,80.4858093733411,-29.3460774817125,47.8913163837446
potato_tanashi_8FUKANO_20170804_Ins1RGB_15m_transparent_mosaic_group1_1.jpg,205,545,0.650980392156863,0.827450980392157,0.564705882352941,0.278606965174129,0.317535545023697,0.827450980392157,80.1076705513521,-24.3944542974471,28.2741320541569
potato_tanashi_8FUKANO_20170804_Ins1RGB_15m_transparent_mosaic_group1_1.jpg,152,390,0.662745098039216,0.83921568627451,0.482352941176471,0.249084249084249,0.425233644859813,0.83921568627451,80.8684768059438,-26.7470808187281,39.8199063704041
potato_tanashi_8FUKANO_20170804_Ins1RGB_15m_transparent_mosaic_group1_1.jpg,175,289,0.827450980392157,0.968627450980392,0.490196078431373,0.215846994535519,0.493927125506073,0.968627450980392,92.7571311848149,-25.5520351343385,53.937741723451
potato_tanashi_8FUKANO_20170804_Ins1RGB_15m_transparent_mosaic_group1_1.jpg,175,287,0.815686274509804,0.964705882352941,0.498039215686275,0.219887955182073,0.483739837398374,0.964705882352941,92.3034025653485,-26.0887200643169,52.4373367483081
potato_tanashi_8FUKANO_20170804_Ins1RGB_15m_transparent_mosaic_group1_1.jpg,161,257,0.623529411764706,0.811764705882353,0.482352941176471,0.261904761904762,0.405797101449275,0.811764705882353,78.2538682298396,-27.2911425769268,36.4006602788291
potato_tanashi_8FUKANO_20170804_Ins1RGB_15m_transparent_mosaic_group1_1.jpg,604,323,0.643137254901961,0.827450980392157,0.552941176470588,0.278571428571429,0.33175355450237,0.827450980392157,79.9381758553616,-25.4321640075255,29.5561039553767
potato_tanashi_8FUKANO_20170804_Ins1RGB_15m_transparent_mosaic_group1_1.jpg,617,302,0.486274509803922,0.662745098039216,0.305882352941176,0.249084249084249,0.538461538461538,0.662745098039216,64.4740625731523,-27.3581811604268,41.2059050650078
potato_tanashi_8FUKANO_20170804_Ins1RGB_15m_transparent_mosaic_group1_1.jpg,628,283,0.72156862745098,0.898039215686275,0.501960784313725,0.240924092409241,0.441048034934498,0.898039215686275,86.0778279947941,-27.4198462267526,44.0587393611061
potato_tanashi_8FUKANO_20170804_Ins1RGB_15m_transparent_mosaic_group1_1.jpg,756,545,0.588235294117647,0.784313725490196,0.450980392156863,0.264705882352941,0.425,0.784313725490196,75.5940410755084,-28.2208370973877,36.9156173041048
potato_tanashi_8FUKANO_20170804_Ins1RGB_15m_transparent_mosaic_group1_1.jpg,777,578,0.23921568627451,0.43921568627451,0.0666666666666667,0.256140350877193,0.848214285714286,0.43921568627451,42.2894613281329,-29.9808343139583,42.2505152243875
potato_tanashi_8FUKANO_20170804_Ins1RGB_15m_transparent_mosaic_group1_1.jpg,884,957,0.403921568627451,0.596078431372549,0.286274509803922,0.270042194092827,0.519736842105263,0.596078431372549,57.9712769130817,-28.0785999569632,35.6747514322844
potato_tanashi_8FUKANO_20170804_Ins1RGB_15m_transparent_mosaic_group1_1.jpg,856,923,0.607843137254902,0.807843137254902,0.435294117647059,0.256140350877193,0.461165048543689,0.807843137254902,77.5801090734186,-29.4021234422925,41.3976160411739
potato_tanashi_8FUKANO_20170804_Ins1RGB_15m_transparent_mosaic_group1_1.jpg,860,1623,0.549019607843137,0.725490196078431,0.470588235294118,0.282051282051282,0.351351351351351,0.725490196078431,70.6994329577147,-24.6365529727744,28.0089749971555
potato_tanashi_8FUKANO_20170804_Ins1RGB_15m_transparent_mosaic_group1_1.jpg,920,1644,0.615686274509804,0.776470588235294,0.541176470588235,0.280555555555556,0.303030303030303,0.776470588235294,75.7765229102965,-22.4042205183748,25.5362750198328
potato_tanashi_8FUKANO_20170804_Ins1RGB_15m_transparent_mosaic_group1_1.jpg,1062,1693,0.643137254901961,0.811764705882353,0.490196078431373,0.254065040650406,0.396135265700483,0.811764705882353,78.5973017809198,-25.2818183192589,35.9151408055248
potato_tanashi_8FUKANO_20170804_Ins1RGB_15m_transparent_mosaic_group1_1.jpg,1501,1345,0.403921568627451,0.52156862745098,0.23921568627451,0.236111111111111,0.541353383458647,0.52156862745098,51.9672854501399,-20.4153073927562,34.6530099055458
potato_tanashi_8FUKANO_20170804_Ins1RGB_15m_transparent_mosaic_group1_1.jpg,1397,1070,0.537254901960784,0.741176470588235,0.419607843137255,0.272357723577236,0.433862433862434,0.741176470588235,71.5126639496717,-28.8394222307776,35.6368958933038
potato_tanashi_8FUKANO_20170804_Ins1RGB_15m_transparent_mosaic_group1_2.jpg,965,1162,0.682352941176471,0.858823529411765,0.533333333333333,0.257028112449799,0.378995433789954,0.858823529411765,82.7491249285691,-25.9213182347982,35.8425816746222
potato_tanashi_8FUKANO_20170804_Ins1RGB_15m_transparent_mosaic_group1_2.jpg,876,1284,0.670588235294118,0.847058823529412,0.529411764705882,0.259259259259259,0.375,0.847058823529412,81.7054568616658,-25.7729097649394,34.9679514215374
potato_tanashi_8FUKANO_20170804_Ins1RGB_15m_transparent_mosaic_group1_2.jpg,937,1353,0.654901960784314,0.831372549019608,0.56078431372549,0.27536231884058,0.325471698113208,0.831372549019608,80.4373023991751,-24.5946661563637,29.2312311663134
potato_tanashi_8FUKANO_20170804_Ins1RGB_15m_transparent_mosaic_group1_2.jpg,575,1083,0.670588235294118,0.831372549019608,0.611764705882353,0.288690476190476,0.264150943396226,0.831372549019608,80.8899132070854,-21.7083802383943,23.2057725764544
potato_tanashi_8FUKANO_20170804_Ins1RGB_15m_transparent_mosaic_group1_2.jpg,483,1081,0.619607843137255,0.823529411764706,0.392156862745098,0.245454545454545,0.523809523809524,0.823529411764706,78.7993137756758,-30.9361497036813,48.089429999719
potato_tanashi_8FUKANO_20170804_Ins1RGB_15m_transparent_mosaic_group1_2.jpg,444,986,0.635294117647059,0.811764705882353,0.549019607843137,0.278606965174129,0.323671497584541,0.811764705882353,78.670199111573,-24.4631111818041,28.3826332870827
potato_tanashi_8FUKANO_20170804_Ins1RGB_15m_transparent_mosaic_group1_2.jpg,422,890,0.666666666666667,0.850980392156863,0.490196078431373,0.251811594202899,0.423963133640553,0.850980392156863,81.7997196489433,-27.5220096784122,40.0108656178873
potato_tanashi_8FUKANO_20170804_Ins1RGB_15m_transparent_mosaic_group1_2.jpg,435,827,0.631372549019608,0.807843137254902,0.482352941176471,0.257028112449799,0.402912621359223,0.807843137254902,78.0964702830456,-26.1232681084672,36.235182451068
potato_tanashi_8FUKANO_20170804_Ins1RGB_15m_transparent_mosaic_group1_2.jpg,452,781,0.733333333333333,0.87843137254902,0.474509803921569,0.226537216828479,0.459821428571429,0.87843137254902,84.818272030895,-24.6835402558023,45.9202720038401
potato_tanashi_8FUKANO_20170804_Ins1RGB_15m_transparent_mosaic_group1_2.jpg,433,736,0.654901960784314,0.83921568627451,0.533333333333333,0.267094017094017,0.364485981308411,0.83921568627451,80.9029603201379,-26.2213368050765,33.3791605158523
potato_tanashi_8FUKANO_20170804_Ins1RGB_15m_transparent_mosaic_group1_2.jpg,526,769,0.474509803921569,0.647058823529412,0.345098039215686,0.261904761904762,0.466666666666667,0.647058823529412,63.192629363058,-25.8418838947928,34.7187948097627
potato_tanashi_8FUKANO_20170804_Ins1RGB_15m_transparent_mosaic_group1_2.jpg,526,724,0.596078431372549,0.788235294117647,0.431372549019608,0.256410256410256,0.45273631840796,0.788235294117647,75.9477618681277,-28.3968476029693,39.8486827239944
potato_tanashi_8FUKANO_20170804_Ins1RGB_15m_transparent_mosaic_group1_2.jpg,1498,1419,0.615686274509804,0.803921568627451,0.513725490196078,0.274774774774775,0.360975609756098,0.803921568627451,77.6631996892284,-26.3191684655174,31.5965097409357
potato_tanashi_8FUKANO_20170804_Ins1RGB_15m_transparent_mosaic_group1_2.jpg,1443,1394,0.603921568627451,0.796078431372549,0.474509803921569,0.266260162601626,0.403940886699507,0.796078431372549,76.7761799196145,-27.5235590954862,35.4647929870608
potato_tanashi_8FUKANO_20170804_Ins1RGB_15m_transparent_mosaic_group1_2.jpg,1373,1341,0.733333333333333,0.886274509803922,0.56078431372549,0.244979919678715,0.367256637168142,0.886274509803922,85.6253800384774,-23.6435993621583,36.2326356628612
potato_tanashi_8FUKANO_20170804_Ins1RGB_15m_transparent_mosaic_group1_2.jpg,1312,1270,0.509803921568627,0.682352941176471,0.450980392156863,0.290960451977401,0.339080459770115,0.682352941176471,66.7857248533051,-23.8097426474652,25.3965198205947
potato_tanashi_8FUKANO_20170804_Ins1RGB_15m_transparent_mosaic_group1_2.jpg,571,1627,0.611764705882353,0.792156862745098,0.505882352941176,0.271689497716895,0.361386138613861,0.792156862745098,76.7198199282727,-25.5502145883376,31.3834686383119
potato_tanashi_8FUKANO_20170804_Ins1RGB_15m_transparent_mosaic_group1_2.jpg,590,1649,0.690196078431373,0.831372549019608,0.447058823529412,0.227891156462585,0.462264150943396,0.831372549019608,80.6699967518801,-24.0246233553681,44.0601084611766
potato_tanashi_8FUKANO_20170804_Ins1RGB_15m_transparent_mosaic_group1_2.jpg,634,1710,0.490196078431373,0.686274509803922,0.298039215686275,0.250841750841751,0.565714285714286,0.686274509803922,66.3151800555812,-29.768974993329,44.2567757327806
